0;6449;82239862
0;6450;82239862
0;6451;82239863
0;6452;82239901
0;6453;82239941
0;6454;82239981
0;6455;82240021
0;6456;82240061
0;6457;82240101
0;6458;82240141
0;6459;82240181
0;6460;82240221
0;6461;82240261
0;6462;82240308
0;6463;82240341
0;6464;82240381
0;6465;82240421
0;6466;82240462
0;6467;82240501
0;6468;82240503
0;6469;82240541
0;6470;82240542
0;6471;82240581
0;6472;82240582
0;6473;82240621
0;6474;82240622
0;6475;82240623
0;6476;82240661
0;6477;82240662
0;6478;82240662
0;6479;82240663
0;6480;82240701
1;6481;82240710
1;6482;82240723
1;6483;82240724
1;6484;82240725
1;6485;82240725
1;6486;82240726
1;6487;82240727
1;6488;82240728
1;6489;82240741
1;6490;82240742
1;6491;82240742
1;6492;82240743
1;6493;82240743
1;6494;82240744
1;6495;82240744
1;6496;82240745
1;6497;82240745
1;6498;82240746
1;6499;82240781
1;6500;82240782
1;6501;82240783
1;6502;82240783
1;6503;82240784
1;6504;82240784
1;6505;82240785
1;6506;82240785
1;6507;82240786
1;6508;82240821
1;6509;82240822
1;6510;82240823
1;6511;82240823
1;6512;82240824
2;6513;82240830
2;6514;82240831
2;6515;82240831
2;6516;82240861
2;6517;82240862
2;6518;82240862
2;6519;82240863
2;6520;82240863
2;6521;82240864
2;6522;82240864
2;6523;82240865
2;6524;82240901
2;6525;82240902
2;6526;82240902
2;6527;82240903
2;6528;82240903
2;6529;82240904
2;6530;82240904
2;6531;82240905
2;6532;82240941
2;6533;82240942
2;6534;82240942
2;6535;82240943
2;6536;82240943
2;6537;82240944
2;6538;82240944
2;6539;82240945
2;6540;82240981
2;6541;82240982
2;6542;82240982
2;6543;82240983
2;6544;82240983
3;6545;82240990
3;6546;82240990
3;6547;82240991
3;6548;82241021
3;6549;82241022
3;6550;82241023
3;6551;82241023
3;6552;82241024
3;6553;82241024
3;6554;82241025
3;6555;82241025
3;6556;82241061
3;6557;82241062
3;6558;82241062
3;6559;82241063
3;6560;82241063
3;6561;82241064
3;6562;82241064
3;6563;82241064
3;6564;82241101
3;6565;82241102
3;6566;82241102
3;6567;82241103
3;6568;82241103
3;6569;82241104
3;6570;82241104
3;6571;82241106
3;6572;82241141
3;6573;82241142
3;6574;82241142
3;6575;82241143
3;6576;82241143
4;6577;82241150
4;6578;82241150
4;6579;82241151
4;6580;82241181
4;6581;82241182
4;6582;82241182
4;6583;82241183
4;6584;82241183
4;6585;82241184
4;6586;82241184
4;6587;82241185
4;6588;82241221
4;6589;82241222
4;6590;82241222
4;6591;82241223
4;6592;82241223
4;6593;82241224
4;6594;82241224
4;6595;82241225
4;6596;82241261
4;6597;82241262
4;6598;82241262
4;6599;82241263
4;6600;82241263
4;6601;82241264
4;6602;82241264
4;6603;82241264
4;6604;82241265
4;6605;82241301
4;6606;82241302
4;6607;82241302
4;6608;82241303
5;6609;82241310
5;6610;82241311
5;6611;82241311
5;6612;82241312
5;6613;82241313
5;6614;82241341
5;6615;82241346
5;6616;82241350
5;6617;82241351
5;6618;82241351
5;6619;82241352
5;6620;82241352
5;6621;82241353
5;6622;82241353
5;6623;82241354
5;6624;82241381
5;6625;82241382
5;6626;82241382
5;6627;82241383
5;6628;82241384
5;6629;82241384
5;6630;82241384
5;6631;82241385
5;6632;82241385
5;6633;82241391
5;6634;82241421
5;6635;82241422
5;6636;82241423
5;6637;82241424
5;6638;82241424
5;6639;82241425
5;6640;82241425
6;6641;82241432
6;6642;82241433
6;6643;82241459
6;6644;82241461
6;6645;82241462
6;6646;82241462
6;6647;82241463
6;6648;82241463
6;6649;82241464
6;6650;82241464
6;6651;82241465
6;6652;82241465
6;6653;82241524
6;6654;82241524
6;6655;82241525
6;6656;82241525
6;6657;82241526
6;6658;82241526
6;6659;82241527
6;6660;82241528
6;6661;82241528
6;6662;82241529
6;6663;82241529
6;6664;82241591
6;6665;82241591
6;6666;82241592
6;6667;82241592
6;6668;82241593
6;6669;82241593
6;6670;82241594
6;6671;82241595
6;6672;82241595
7;6673;82241601
7;6674;82241602
7;6675;82241657
7;6676;82241657
7;6677;82241658
7;6678;82241658
7;6679;82241659
7;6680;82241660
7;6681;82241661
7;6682;82241662
7;6683;82241663
7;6684;82241664
7;6685;82241665
7;6686;82241724
7;6687;82241724
7;6688;82241725
7;6689;82241725
7;6690;82241726
7;6691;82241727
7;6692;82241728
7;6693;82241729
7;6694;82241730
7;6695;82241730
7;6696;82241731
7;6697;82241791
7;6698;82241792
7;6699;82241793
7;6700;82241793
7;6701;82241793
7;6702;82241794
7;6703;82241794
7;6704;82241795
8;6705;82241802
8;6706;82241811
8;6707;82241812
8;6708;82241856
8;6709;82241857
8;6710;82241857
8;6711;82241857
8;6712;82241858
8;6713;82241858
8;6714;82241859
8;6715;82241859
8;6716;82241859
8;6717;82241860
8;6718;82241860
8;6719;82241923
8;6720;82241924
8;6721;82241924
8;6722;82241924
8;6723;82241925
8;6724;82241925
8;6725;82241925
8;6726;82241926
8;6727;82241926
8;6728;82241927
8;6729;82241927
8;6730;82241990
8;6731;82241990
8;6732;82241991
8;6733;82241991
8;6734;82241991
8;6735;82241992
8;6736;82241992
9;6737;82241999
9;6738;82241999
9;6739;82242000
9;6740;82242000
9;6741;82242005
9;6742;82242056
9;6743;82242056
9;6744;82242057
9;6745;82242057
9;6746;82242057
9;6747;82242058
9;6748;82242058
9;6749;82242059
9;6750;82242059
9;6751;82242060
9;6752;82242060
9;6753;82242060
9;6754;82242124
9;6755;82242124
9;6756;82242125
9;6757;82242125
9;6758;82242125
9;6759;82242126
9;6760;82242126
9;6761;82242127
9;6762;82242127
9;6763;82242128
9;6764;82242128
9;6765;82242129
9;6766;82242189
9;6767;82242189
9;6768;82242190
10;6769;82242196
10;6770;82242197
10;6771;82242199
10;6772;82242202
10;6773;82242203
10;6774;82242203
10;6775;82242204
10;6776;82242205
10;6777;82242206
10;6778;82242255
10;6779;82242256
10;6780;82242256
10;6781;82242256
10;6782;82242257
10;6783;82242258
10;6784;82242259
10;6785;82242259
10;6786;82242259
10;6787;82242259
10;6788;82242260
10;6789;82242260
10;6790;82242322
10;6791;82242322
10;6792;82242323
10;6793;82242323
10;6794;82242323
10;6795;82242324
10;6796;82242325
10;6797;82242325
10;6798;82242325
10;6799;82242326
10;6800;82242326
11;6801;82242333
11;6802;82242388
11;6803;82242389
11;6804;82242389
11;6805;82242390
11;6806;82242391
11;6807;82242392
11;6808;82242393
11;6809;82242394
11;6810;82242394
11;6811;82242395
11;6812;82242396
11;6813;82242397
11;6814;82242398
11;6815;82242456
11;6816;82242456
11;6817;82242457
11;6818;82242458
11;6819;82242459
11;6820;82242459
11;6821;82242460
11;6822;82242461
11;6823;82242462
11;6824;82242463
11;6825;82242464
11;6826;82242465
11;6827;82242466
11;6828;82242521
11;6829;82242521
11;6830;82242522
11;6831;82242523
11;6832;82242524
12;6833;82242532
12;6834;82242532
12;6835;82242533
12;6836;82242534
12;6837;82242535
12;6838;82242536
12;6839;82242537
12;6840;82242538
12;6841;82242587
12;6842;82242588
12;6843;82242589
12;6844;82242589
12;6845;82242590
12;6846;82242591
12;6847;82242592
12;6848;82242593
12;6849;82242594
12;6850;82242595
12;6851;82242596
12;6852;82242597
12;6853;82242597
12;6854;82242654
12;6855;82242654
12;6856;82242655
12;6857;82242655
12;6858;82242656
12;6859;82242656
12;6860;82242657
12;6861;82242657
12;6862;82242657
12;6863;82242658
12;6864;82242658
13;6865;82242665
13;6866;82242667
13;6867;82242720
13;6868;82242721
13;6869;82242721
13;6870;82242722
13;6871;82242723
13;6872;82242723
13;6873;82242724
13;6874;82242725
13;6875;82242726
13;6876;82242726
13;6877;82242726
13;6878;82242727
13;6879;82242727
13;6880;82242793
13;6881;82242794
13;6882;82242794
13;6883;82242795
13;6884;82242795
13;6885;82242796
13;6886;82242796
13;6887;82242796
13;6888;82242797
13;6889;82242797
13;6890;82242798
13;6891;82242798
13;6892;82242799
13;6893;82242855
13;6894;82242856
13;6895;82242856
13;6896;82242856
14;6897;82242863
14;6898;82242863
14;6899;82242864
14;6900;82242868
14;6901;82242869
14;6902;82242870
14;6903;82242871
14;6904;82242872
14;6905;82242873
14;6906;82242874
14;6907;82242874
14;6908;82242875
14;6909;82242876
14;6910;82242877
14;6911;82242877
14;6912;82242878
14;6913;82242880
14;6914;82242880
14;6915;82242881
14;6916;82242881
14;6917;82242881
14;6918;82242882
14;6919;82242882
14;6920;82242883
14;6921;82242883
14;6922;82242884
14;6923;82242884
14;6924;82242885
14;6925;82242885
14;6926;82242885
14;6927;82242886
14;6928;82242886
15;6929;82242893
15;6930;82242896
15;6931;82242897
15;6932;82242897
15;6933;82242898
15;6934;82242921
15;6935;82242921
15;6936;82242922
15;6937;82242922
15;6938;82242923
15;6939;82242923
15;6940;82242923
15;6941;82242924
15;6942;82242924
15;6943;82242925
15;6944;82242925
15;6945;82242926
15;6946;82242926
15;6947;82242926
15;6948;82242927
15;6949;82242927
15;6950;82242928
15;6951;82242928
15;6952;82242929
15;6953;82242929
15;6954;82242930
15;6955;82242987
15;6956;82242987
15;6957;82242988
15;6958;82242988
15;6959;82242989
15;6960;82242989
16;6961;82242996
16;6962;82242996
16;6963;82243000
16;6964;82243001
16;6965;82243002
16;6966;82243003
16;6967;82243004
16;6968;82243005
16;6969;82243006
16;6970;82243007
16;6971;82243007
16;6972;82243053
16;6973;82243054
16;6974;82243054
16;6975;82243054
16;6976;82243055
16;6977;82243056
16;6978;82243057
16;6979;82243058
16;6980;82243059
16;6981;82243060
16;6982;82243061
16;6983;82243061
16;6984;82243062
16;6985;82243062
16;6986;82243063
16;6987;82243063
16;6988;82243121
16;6989;82243122
16;6990;82243122
16;6991;82243123
16;6992;82243123
17;6993;82243129
17;6994;82243132
17;6995;82243133
17;6996;82243133
17;6997;82243133
17;6998;82243134
17;6999;82243134
17;7000;82243135
17;7001;82243135
17;7002;82243136
17;7003;82243136
17;7004;82243186
17;7005;82243187
17;7006;82243187
17;7007;82243187
17;7008;82243188
17;7009;82243189
17;7010;82243189
17;7011;82243190
17;7012;82243190
17;7013;82243191
17;7014;82243191
17;7015;82243191
17;7016;82243192
17;7017;82243192
17;7018;82243193
17;7019;82243252
17;7020;82243253
17;7021;82243253
17;7022;82243254
17;7023;82243254
17;7024;82243255
18;7025;82243261
18;7026;82243264
18;7027;82243266
18;7028;82243266
18;7029;82243267
18;7030;82243267
18;7031;82243268
18;7032;82243268
18;7033;82243269
18;7034;82243319
18;7035;82243319
18;7036;82243320
18;7037;82243320
18;7038;82243320
18;7039;82243321
18;7040;82243321
18;7041;82243322
18;7042;82243322
18;7043;82243323
18;7044;82243323
18;7045;82243323
18;7046;82243324
18;7047;82243324
18;7048;82243325
18;7049;82243385
18;7050;82243386
18;7051;82243386
18;7052;82243386
18;7053;82243387
18;7054;82243387
18;7055;82243388
18;7056;82243388
19;7057;82243394
19;7058;82243395
19;7059;82243399
19;7060;82243400
19;7061;82243401
19;7062;82243402
19;7063;82243403
19;7064;82243453
19;7065;82243453
19;7066;82243454
19;7067;82243454
19;7068;82243455
19;7069;82243455
19;7070;82243456
19;7071;82243456
19;7072;82243457
19;7073;82243457
19;7074;82243457
19;7075;82243458
19;7076;82243458
19;7077;82243459
19;7078;82243459
19;7079;82243518
19;7080;82243518
19;7081;82243519
19;7082;82243519
19;7083;82243520
19;7084;82243520
19;7085;82243521
19;7086;82243521
19;7087;82243521
19;7088;82243522
20;7089;82243528
20;7090;82243529
20;7091;82243533
20;7092;82243534
20;7093;82243534
20;7094;82243585
20;7095;82243585
20;7096;82243586
20;7097;82243586
20;7098;82243587
20;7099;82243588
20;7100;82243589
20;7101;82243590
20;7102;82243591
20;7103;82243592
20;7104;82243593
20;7105;82243594
20;7106;82243594
20;7107;82243595
20;7108;82243597
20;7109;82243651
20;7110;82243651
20;7111;82243652
20;7112;82243652
20;7113;82243653
20;7114;82243653
20;7115;82243653
20;7116;82243654
20;7117;82243654
20;7118;82243655
20;7119;82243655
20;7120;82243655
21;7121;82243662
21;7122;82243664
21;7123;82243665
21;7124;82243717
21;7125;82243718
21;7126;82243718
21;7127;82243718
21;7128;82243719
21;7129;82243720
21;7130;82243721
21;7131;82243723
21;7132;82243723
21;7133;82243724
21;7134;82243725
21;7135;82243726
21;7136;82243726
21;7137;82243727
21;7138;82243727
21;7139;82243785
21;7140;82243786
21;7141;82243786
21;7142;82243787
21;7143;82243787
21;7144;82243787
21;7145;82243788
21;7146;82243788
21;7147;82243788
21;7148;82243789
21;7149;82243789
21;7150;82243790
21;7151;82243790
21;7152;82243791
22;7153;82243797
22;7154;82243798
22;7155;82243850
22;7156;82243851
22;7157;82243851
22;7158;82243852
22;7159;82243852
22;7160;82243853
22;7161;82243853
22;7162;82243854
22;7163;82243854
22;7164;82243854
22;7165;82243855
22;7166;82243855
22;7167;82243855
22;7168;82243856
22;7169;82243856
22;7170;82243917
22;7171;82243917
22;7172;82243918
22;7173;82243918
22;7174;82243919
22;7175;82243919
22;7176;82243919
22;7177;82243920
22;7178;82243920
22;7179;82243921
22;7180;82243921
22;7181;82243922
22;7182;82243922
22;7183;82243926
22;7184;82243926
23;7185;82243933
23;7186;82243984
23;7187;82243984
23;7188;82243985
23;7189;82243985
23;7190;82243986
23;7191;82243987
23;7192;82243988
23;7193;82243989
23;7194;82243990
23;7195;82243991
23;7196;82243992
23;7197;82243993
23;7198;82243994
23;7199;82243994
23;7200;82243995
23;7201;82243996
23;7202;82244050
23;7203;82244050
23;7204;82244051
23;7205;82244051
23;7206;82244051
23;7207;82244052
23;7208;82244052
23;7209;82244053
23;7210;82244053
23;7211;82244054
23;7212;82244054
23;7213;82244055
23;7214;82244055
23;7215;82244055
23;7216;82244056
24;7217;82244063
24;7218;82244066
24;7219;82244117
24;7220;82244118
24;7221;82244118
24;7222;82244119
24;7223;82244120
24;7224;82244120
24;7225;82244121
24;7226;82244122
24;7227;82244123
24;7228;82244124
24;7229;82244125
24;7230;82244126
24;7231;82244127
24;7232;82244128
24;7233;82244129
24;7234;82244130
24;7235;82244130
24;7236;82244182
24;7237;82244183
24;7238;82244183
24;7239;82244184
24;7240;82244184
24;7241;82244185
24;7242;82244185
24;7243;82244185
24;7244;82244186
24;7245;82244186
24;7246;82244187
24;7247;82244187
24;7248;82244187
25;7249;82244194
25;7250;82244197
25;7251;82244197
25;7252;82244198
25;7253;82244249
25;7254;82244249
25;7255;82244250
25;7256;82244251
25;7257;82244252
25;7258;82244253
25;7259;82244254
25;7260;82244254
25;7261;82244255
25;7262;82244256
25;7263;82244257
25;7264;82244258
25;7265;82244259
25;7266;82244260
25;7267;82244261
25;7268;82244262
25;7269;82244263
25;7270;82244315
25;7271;82244316
25;7272;82244316
25;7273;82244317
25;7274;82244318
25;7275;82244319
25;7276;82244320
25;7277;82244321
25;7278;82244322
25;7279;82244330
25;7280;82244331
26;7281;82244338
26;7282;82244339
26;7283;82244339
26;7284;82244340
26;7285;82244341
26;7286;82244343
26;7287;82244382
26;7288;82244382
26;7289;82244383
26;7290;82244384
26;7291;82244384
26;7292;82244384
26;7293;82244385
26;7294;82244385
26;7295;82244386
26;7296;82244386
26;7297;82244387
26;7298;82244387
26;7299;82244387
26;7300;82244388
26;7301;82244388
26;7302;82244389
26;7303;82244389
26;7304;82244450
26;7305;82244450
26;7306;82244451
26;7307;82244451
26;7308;82244451
26;7309;82244452
26;7310;82244452
26;7311;82244453
26;7312;82244453
27;7313;82244460
27;7314;82244463
27;7315;82244464
27;7316;82244465
27;7317;82244465
27;7318;82244466
27;7319;82244466
27;7320;82244467
27;7321;82244514
27;7322;82244515
27;7323;82244515
27;7324;82244516
27;7325;82244516
27;7326;82244517
27;7327;82244517
27;7328;82244518
27;7329;82244518
27;7330;82244519
27;7331;82244519
27;7332;82244519
27;7333;82244520
27;7334;82244520
27;7335;82244521
27;7336;82244521
27;7337;82244522
27;7338;82244581
27;7339;82244582
27;7340;82244582
27;7341;82244582
27;7342;82244583
27;7343;82244583
27;7344;82244583
28;7345;82244590
28;7346;82244591
28;7347;82244595
28;7348;82244596
28;7349;82244597
28;7350;82244598
28;7351;82244599
28;7352;82244600
28;7353;82244600
28;7354;82244601
28;7355;82244647
28;7356;82244648
28;7357;82244648
28;7358;82244648
28;7359;82244649
28;7360;82244649
28;7361;82244650
28;7362;82244650
28;7363;82244650
28;7364;82244651
28;7365;82244651
28;7366;82244652
28;7367;82244652
28;7368;82244653
28;7369;82244653
28;7370;82244654
28;7371;82244654
28;7372;82244714
28;7373;82244714
28;7374;82244715
28;7375;82244715
28;7376;82244716
29;7377;82244722
29;7378;82244723
29;7379;82244725
29;7380;82244726
29;7381;82244726
29;7382;82244727
29;7383;82244727
29;7384;82244728
29;7385;82244728
29;7386;82244729
29;7387;82244729
29;7388;82244729
29;7389;82244783
29;7390;82244783
29;7391;82244783
29;7392;82244784
29;7393;82244784
29;7394;82244785
29;7395;82244785
29;7396;82244786
29;7397;82244786
29;7398;82244787
29;7399;82244787
29;7400;82244787
29;7401;82244788
29;7402;82244788
29;7403;82244789
29;7404;82244789
29;7405;82244790
29;7406;82244847
29;7407;82244847
29;7408;82244848
30;7409;82244854
30;7410;82244855
30;7411;82244856
30;7412;82244859
30;7413;82244860
30;7414;82244861
30;7415;82244862
30;7416;82244863
30;7417;82244864
30;7418;82244865
30;7419;82244865
30;7420;82244866
30;7421;82244866
30;7422;82244867
30;7423;82244913
30;7424;82244913
30;7425;82244914
30;7426;82244914
30;7427;82244915
30;7428;82244915
30;7429;82244916
30;7430;82244916
30;7431;82244917
30;7432;82244917
30;7433;82244918
30;7434;82244918
30;7435;82244919
30;7436;82244919
30;7437;82244919
30;7438;82244920
30;7439;82244920
30;7440;82244980
31;7441;82244986
31;7442;82244986
31;7443;82244987
31;7444;82244988
31;7445;82244991
31;7446;82244992
31;7447;82244993
31;7448;82244993
31;7449;82244993
31;7450;82244994
31;7451;82244994
31;7452;82244995
31;7453;82244995
31;7454;82244996
31;7455;82244996
31;7456;82244997
31;7457;82245046
31;7458;82245046
31;7459;82245047
31;7460;82245047
31;7461;82245048
31;7462;82245048
31;7463;82245049
31;7464;82245049
31;7465;82245049
31;7466;82245050
31;7467;82245050
31;7468;82245050
31;7469;82245051
31;7470;82245051
31;7471;82245052
31;7472;82245052
32;7473;82245059
32;7474;82245114
32;7475;82245114
32;7476;82245115
32;7477;82245116
32;7478;82245117
32;7479;82245117
32;7480;82245118
32;7481;82245119
32;7482;82245120
32;7483;82245121
32;7484;82245121
32;7485;82245122
32;7486;82245122
32;7487;82245133
32;7488;82245133
32;7489;82245133
32;7490;82245134
32;7491;82245179
32;7492;82245180
32;7493;82245180
32;7494;82245181
32;7495;82245181
32;7496;82245181
32;7497;82245182
32;7498;82245182
32;7499;82245183
32;7500;82245184
32;7501;82245184
32;7502;82245184
32;7503;82245185
32;7504;82245185
33;7505;82245192
33;7506;82245193
33;7507;82245194
33;7508;82245245
33;7509;82245246
33;7510;82245246
33;7511;82245246
33;7512;82245247
33;7513;82245248
33;7514;82245249
33;7515;82245249
33;7516;82245250
33;7517;82245250
33;7518;82245250
33;7519;82245251
33;7520;82245252
33;7521;82245252
33;7522;82245253
33;7523;82245253
33;7524;82245254
33;7525;82245312
33;7526;82245312
33;7527;82245313
33;7528;82245313
33;7529;82245314
33;7530;82245315
33;7531;82245315
33;7532;82245316
33;7533;82245316
33;7534;82245317
33;7535;82245317
33;7536;82245317
34;7537;82245325
34;7538;82245327
34;7539;82245329
34;7540;82245329
34;7541;82245330
34;7542;82245378
34;7543;82245379
34;7544;82245379
34;7545;82245379
34;7546;82245380
34;7547;82245380
34;7548;82245381
34;7549;82245381
34;7550;82245382
34;7551;82245382
34;7552;82245382
34;7553;82245383
34;7554;82245383
34;7555;82245384
34;7556;82245384
34;7557;82245384
34;7558;82245385
34;7559;82245446
34;7560;82245447
34;7561;82245447
34;7562;82245447
34;7563;82245448
34;7564;82245448
34;7565;82245449
34;7566;82245449
34;7567;82245450
34;7568;82245450
35;7569;82245457
35;7570;82245457
35;7571;82245458
35;7572;82245458
35;7573;82245459
35;7574;82245460
35;7575;82245461
35;7576;82245511
35;7577;82245511
35;7578;82245512
35;7579;82245512
35;7580;82245513
35;7581;82245514
35;7582;82245515
35;7583;82245515
35;7584;82245516
35;7585;82245516
35;7586;82245517
35;7587;82245517
35;7588;82245518
35;7589;82245518
35;7590;82245518
35;7591;82245519
35;7592;82245519
35;7593;82245578
35;7594;82245578
35;7595;82245579
35;7596;82245579
35;7597;82245580
35;7598;82245580
35;7599;82245581
35;7600;82245581
36;7601;82245587
36;7602;82245588
36;7603;82245591
36;7604;82245592
36;7605;82245593
36;7606;82245593
36;7607;82245593
36;7608;82245594
36;7609;82245594
36;7610;82245644
36;7611;82245644
36;7612;82245645
36;7613;82245645
36;7614;82245646
36;7615;82245646
36;7616;82245647
36;7617;82245647
36;7618;82245647
36;7619;82245648
36;7620;82245648
36;7621;82245649
36;7622;82245649
36;7623;82245649
36;7624;82245650
36;7625;82245650
36;7626;82245651
36;7627;82245651
36;7628;82245710
36;7629;82245710
36;7630;82245711
36;7631;82245711
36;7632;82245712
37;7633;82245718
37;7634;82245718
37;7635;82245719
37;7636;82245720
37;7637;82245724
37;7638;82245725
37;7639;82245726
37;7640;82245727
37;7641;82245727
37;7642;82245728
37;7643;82245728
37;7644;82245728
37;7645;82245778
37;7646;82245778
37;7647;82245779
37;7648;82245779
37;7649;82245779
37;7650;82245780
37;7651;82245780
37;7652;82245780
37;7653;82245781
37;7654;82245781
37;7655;82245781
37;7656;82245782
37;7657;82245782
37;7658;82245783
37;7659;82245783
37;7660;82245784
37;7661;82245784
37;7662;82245843
37;7663;82245843
37;7664;82245844
38;7665;82245850
38;7666;82245851
38;7667;82245851
38;7668;82245852
38;7669;82245852
38;7670;82245853
38;7671;82245854
38;7672;82245855
38;7673;82245855
38;7674;82245856
38;7675;82245856
38;7676;82245857
38;7677;82245857
38;7678;82245858
38;7679;82245909
38;7680;82245910
38;7681;82245910
38;7682;82245911
38;7683;82245911
38;7684;82245912
38;7685;82245912
38;7686;82245913
38;7687;82245913
38;7688;82245914
38;7689;82245915
38;7690;82245915
38;7691;82245916
38;7692;82245916
38;7693;82245917
38;7694;82245917
38;7695;82245917
38;7696;82245976
39;7697;82245983
39;7698;82245987
39;7699;82245988
39;7700;82245989
39;7701;82245990
39;7702;82245990
39;7703;82245992
39;7704;82245993
39;7705;82245993
39;7706;82245994
39;7707;82245995
39;7708;82245996
39;7709;82245996
39;7710;82245996
39;7711;82245997
39;7712;82245997
39;7713;82246042
39;7714;82246043
39;7715;82246043
39;7716;82246044
39;7717;82246044
39;7718;82246045
39;7719;82246045
39;7720;82246046
39;7721;82246046
39;7722;82246046
39;7723;82246047
39;7724;82246047
39;7725;82246048
39;7726;82246048
39;7727;82246049
39;7728;82246049
40;7729;82246056
40;7730;82246058
40;7731;82246110
40;7732;82246111
40;7733;82246111
40;7734;82246111
40;7735;82246112
40;7736;82246113
40;7737;82246114
40;7738;82246114
40;7739;82246114
40;7740;82246115
40;7741;82246115
40;7742;82246116
40;7743;82246116
40;7744;82246117
40;7745;82246117
40;7746;82246117
40;7747;82246118
40;7748;82246118
40;7749;82246175
40;7750;82246175
40;7751;82246176
40;7752;82246176
40;7753;82246177
40;7754;82246177
40;7755;82246177
40;7756;82246178
40;7757;82246178
40;7758;82246179
40;7759;82246179
40;7760;82246179
41;7761;82246186
41;7762;82246187
41;7763;82246190
41;7764;82246191
41;7765;82246193
41;7766;82246241
41;7767;82246242
41;7768;82246242
41;7769;82246243
41;7770;82246244
41;7771;82246245
41;7772;82246246
41;7773;82246246
41;7774;82246248
41;7775;82246248
41;7776;82246249
41;7777;82246250
41;7778;82246250
41;7779;82246251
41;7780;82246251
41;7781;82246251
41;7782;82246252
41;7783;82246308
41;7784;82246309
41;7785;82246309
41;7786;82246309
41;7787;82246310
41;7788;82246310
41;7789;82246311
41;7790;82246311
41;7791;82246312
41;7792;82246312
42;7793;82246329
42;7794;82246331
42;7795;82246341
42;7796;82246342
42;7797;82246342
42;7798;82246343
42;7799;82246343
42;7800;82246375
42;7801;82246375
42;7802;82246375
42;7803;82246376
42;7804;82246376
42;7805;82246377
42;7806;82246377
42;7807;82246378
42;7808;82246378
42;7809;82246378
42;7810;82246379
42;7811;82246379
42;7812;82246380
42;7813;82246380
42;7814;82246381
42;7815;82246381
42;7816;82246381
42;7817;82246382
42;7818;82246442
42;7819;82246443
42;7820;82246443
42;7821;82246444
42;7822;82246444
42;7823;82246445
42;7824;82246445
43;7825;82246452
43;7826;82246453
43;7827;82246457
43;7828;82246458
43;7829;82246458
43;7830;82246459
43;7831;82246459
43;7832;82246460
43;7833;82246460
43;7834;82246461
43;7835;82246507
43;7836;82246507
43;7837;82246508
43;7838;82246508
43;7839;82246509
43;7840;82246509
43;7841;82246509
43;7842;82246510
43;7843;82246510
43;7844;82246511
43;7845;82246511
43;7846;82246512
43;7847;82246512
43;7848;82246513
43;7849;82246513
43;7850;82246513
43;7851;82246514
43;7852;82246573
43;7853;82246574
43;7854;82246574
43;7855;82246575
43;7856;82246575
44;7857;82246582
44;7858;82246582
44;7859;82246583
44;7860;82246583
44;7861;82246584
44;7862;82246585
44;7863;82246585
44;7864;82246586
44;7865;82246586
44;7866;82246587
44;7867;82246587
44;7868;82246588
44;7869;82246640
44;7870;82246640
44;7871;82246641
44;7872;82246642
44;7873;82246642
44;7874;82246643
44;7875;82246643
44;7876;82246643
44;7877;82246644
44;7878;82246644
44;7879;82246644
44;7880;82246645
44;7881;82246645
44;7882;82246645
44;7883;82246646
44;7884;82246646
44;7885;82246647
44;7886;82246713
44;7887;82246714
44;7888;82246714
45;7889;82246721
45;7890;82246722
45;7891;82246722
45;7892;82246738
45;7893;82246739
45;7894;82246741
45;7895;82246741
45;7896;82246742
45;7897;82246742
45;7898;82246743
45;7899;82246743
45;7900;82246743
45;7901;82246744
45;7902;82246744
45;7903;82246780
45;7904;82246781
45;7905;82246781
45;7906;82246782
45;7907;82246783
45;7908;82246783
45;7909;82246784
45;7910;82246784
45;7911;82246785
45;7912;82246785
45;7913;82246786
45;7914;82246786
45;7915;82246787
45;7916;82246788
45;7917;82246788
45;7918;82246789
45;7919;82246789
45;7920;82246841
46;7921;82246848
46;7922;82246849
46;7923;82246851
46;7924;82246853
46;7925;82246854
46;7926;82246854
46;7927;82246855
46;7928;82246855
46;7929;82246856
46;7930;82246856
46;7931;82246857
46;7932;82246857
46;7933;82246858
46;7934;82246858
46;7935;82246858
46;7936;82246859
46;7937;82246859
46;7938;82246860
46;7939;82246860
46;7940;82246860
46;7941;82246861
46;7942;82246861
46;7943;82246861
46;7944;82246862
46;7945;82246863
46;7946;82246863
46;7947;82246864
46;7948;82246864
46;7949;82246865
46;7950;82246865
46;7951;82246866
46;7952;82246866
47;7953;82246873
47;7954;82246873
47;7955;82246877
47;7956;82246878
47;7957;82246879
47;7958;82246880
47;7959;82246881
47;7960;82246882
47;7961;82246883
47;7962;82246884
47;7963;82246886
47;7964;82246887
47;7965;82246888
47;7966;82246889
47;7967;82246889
47;7968;82246891
47;7969;82246893
47;7970;82246893
47;7971;82246907
47;7972;82246907
47;7973;82246908
47;7974;82246909
47;7975;82246910
47;7976;82246911
47;7977;82246912
47;7978;82246913
47;7979;82246914
47;7980;82246915
47;7981;82246915
47;7982;82246916
47;7983;82246917
47;7984;82246919
48;7985;82246926
48;7986;82246927
48;7987;82246927
48;7988;82246927
48;7989;82246929
48;7990;82246930
48;7991;82246930
48;7992;82246931
48;7993;82246931
48;7994;82246932
48;7995;82246932
48;7996;82246933
48;7997;82246973
48;7998;82246973
48;7999;82246974
48;8000;82246974
48;8001;82246974
48;8002;82246975
48;8003;82246975
48;8004;82246976
48;8005;82246976
48;8006;82246977
48;8007;82246977
48;8008;82246978
48;8009;82246978
48;8010;82246978
48;8011;82246979
48;8012;82246979
48;8013;82246980
48;8014;82246980
48;8015;82246981
48;8016;82246981
49;8017;82246988
49;8018;82247039
49;8019;82247039
49;8020;82247040
49;8021;82247040
49;8022;82247041
49;8023;82247041
49;8024;82247042
49;8025;82247042
49;8026;82247042
49;8027;82247043
49;8028;82247043
49;8029;82247044
49;8030;82247044
49;8031;82247045
49;8032;82247045
49;8033;82247046
49;8034;82247046
49;8035;82247046
49;8036;82247047
49;8037;82247047
49;8038;82247107
49;8039;82247107
49;8040;82247107
49;8041;82247108
49;8042;82247108
49;8043;82247109
49;8044;82247109
49;8045;82247109
49;8046;82247110
49;8047;82247110
49;8048;82247111
50;8049;82247118
50;8050;82247118
50;8051;82247119
50;8052;82247122
50;8053;82247124
50;8054;82247124
50;8055;82247125
50;8056;82247125
50;8057;82247172
50;8058;82247173
50;8059;82247173
50;8060;82247173
50;8061;82247174
50;8062;82247174
50;8063;82247175
50;8064;82247175
50;8065;82247175
50;8066;82247176
50;8067;82247176
50;8068;82247177
50;8069;82247177
50;8070;82247178
50;8071;82247178
50;8072;82247178
50;8073;82247179
50;8074;82247179
50;8075;82247180
50;8076;82247238
50;8077;82247238
50;8078;82247239
50;8079;82247239
50;8080;82247240
51;8081;82247247
51;8082;82247247
51;8083;82247251
51;8084;82247253
51;8085;82247254
51;8086;82247254
51;8087;82247255
51;8088;82247256
51;8089;82247257
51;8090;82247258
51;8091;82247259
51;8092;82247260
51;8093;82247260
51;8094;82247304
51;8095;82247305
51;8096;82247305
51;8097;82247306
51;8098;82247307
51;8099;82247308
51;8100;82247309
51;8101;82247309
51;8102;82247311
51;8103;82247312
51;8104;82247313
51;8105;82247313
51;8106;82247314
51;8107;82247314
51;8108;82247315
51;8109;82247316
51;8110;82247316
51;8111;82247317
51;8112;82247371
52;8113;82247377
52;8114;82247378
52;8115;82247379
52;8116;82247380
52;8117;82247381
52;8118;82247382
52;8119;82247383
52;8120;82247384
52;8121;82247384
52;8122;82247384
52;8123;82247385
52;8124;82247385
52;8125;82247386
52;8126;82247386
52;8127;82247387
52;8128;82247387
52;8129;82247388
52;8130;82247439
52;8131;82247439
52;8132;82247440
52;8133;82247440
52;8134;82247441
52;8135;82247441
52;8136;82247441
52;8137;82247442
52;8138;82247442
52;8139;82247443
52;8140;82247443
52;8141;82247444
52;8142;82247444
52;8143;82247445
52;8144;82247445
53;8145;82247452
53;8146;82247454
53;8147;82247456
53;8148;82247456
53;8149;82247504
53;8150;82247504
53;8151;82247505
53;8152;82247506
53;8153;82247506
53;8154;82247507
53;8155;82247515
53;8156;82247516
53;8157;82247516
53;8158;82247516
53;8159;82247517
53;8160;82247517
53;8161;82247517
53;8162;82247518
53;8163;82247518
53;8164;82247519
53;8165;82247519
53;8166;82247520
53;8167;82247520
53;8168;82247570
53;8169;82247571
53;8170;82247572
53;8171;82247572
53;8172;82247573
53;8173;82247573
53;8174;82247573
53;8175;82247574
53;8176;82247574
54;8177;82247581
54;8178;82247585
54;8179;82247585
54;8180;82247586
54;8181;82247587
54;8182;82247588
54;8183;82247589
54;8184;82247590
54;8185;82247590
54;8186;82247636
54;8187;82247637
54;8188;82247637
54;8189;82247638
54;8190;82247639
54;8191;82247640
54;8192;82247640
54;8193;82247641
54;8194;82247641
54;8195;82247642
54;8196;82247642
54;8197;82247643
54;8198;82247643
54;8199;82247644
54;8200;82247644
54;8201;82247644
54;8202;82247645
54;8203;82247645
54;8204;82247646
54;8205;82247703
54;8206;82247704
54;8207;82247704
54;8208;82247704
55;8209;82247711
55;8210;82247711
55;8211;82247712
55;8212;82247712
55;8213;82247713
55;8214;82247715
55;8215;82247716
55;8216;82247716
55;8217;82247717
55;8218;82247718
55;8219;82247719
55;8220;82247719
55;8221;82247720
55;8222;82247720
55;8223;82247771
55;8224;82247771
55;8225;82247771
55;8226;82247772
55;8227;82247773
55;8228;82247773
55;8229;82247773
55;8230;82247773
55;8231;82247773
55;8232;82247774
55;8233;82247774
55;8234;82247775
55;8235;82247775
55;8236;82247775
55;8237;82247776
55;8238;82247777
55;8239;82247777
55;8240;82247777
56;8241;82247836
56;8242;82247837
56;8243;82247837
56;8244;82247838
56;8245;82247838
56;8246;82247839
56;8247;82247839
56;8248;82247840
56;8249;82247840
56;8250;82247841
56;8251;82247841
56;8252;82247842
56;8253;82247842
56;8254;82247843
56;8255;82247843
56;8256;82247844
56;8257;82247845
56;8258;82247845
56;8259;82247902
56;8260;82247903
56;8261;82247903
56;8262;82247904
56;8263;82247904
56;8264;82247904
56;8265;82247905
56;8266;82247905
56;8267;82247906
56;8268;82247907
56;8269;82247907
56;8270;82247907
56;8271;82247908
56;8272;82247913
57;8273;82247920
57;8274;82247921
57;8275;82247934
57;8276;82247936
57;8277;82247969
57;8278;82247970
57;8279;82247970
57;8280;82247971
57;8281;82247971
57;8282;82247972
57;8283;82247972
57;8284;82247973
57;8285;82247973
57;8286;82247973
57;8287;82247974
57;8288;82247974
57;8289;82247975
57;8290;82247975
57;8291;82247976
57;8292;82247976
57;8293;82247977
57;8294;82247977
57;8295;82248035
57;8296;82248036
57;8297;82248036
57;8298;82248036
57;8299;82248037
57;8300;82248037
57;8301;82248038
57;8302;82248038
57;8303;82248039
57;8304;82248039
58;8305;82248046
58;8306;82248050
58;8307;82248051
58;8308;82248052
58;8309;82248053
58;8310;82248054
58;8311;82248055
58;8312;82248055
58;8313;82248103
58;8314;82248103
58;8315;82248104
58;8316;82248104
58;8317;82248105
58;8318;82248105
58;8319;82248106
58;8320;82248106
58;8321;82248106
58;8322;82248107
58;8323;82248107
58;8324;82248108
58;8325;82248108
58;8326;82248108
58;8327;82248109
58;8328;82248109
58;8329;82248109
58;8330;82248110
58;8331;82248168
58;8332;82248168
58;8333;82248169
58;8334;82248169
58;8335;82248169
58;8336;82248170
59;8337;82248176
59;8338;82248180
59;8339;82248181
59;8340;82248182
59;8341;82248183
59;8342;82248184
59;8343;82248184
59;8344;82248185
59;8345;82248187
59;8346;82248187
59;8347;82248188
59;8348;82248189
59;8349;82248234
59;8350;82248235
59;8351;82248235
59;8352;82248235
59;8353;82248236
59;8354;82248237
59;8355;82248239
59;8356;82248240
59;8357;82248240
59;8358;82248240
59;8359;82248241
59;8360;82248241
59;8361;82248242
59;8362;82248242
59;8363;82248243
59;8364;82248243
59;8365;82248244
59;8366;82248244
59;8367;82248301
59;8368;82248301
60;8369;82248308
60;8370;82248309
60;8371;82248310
60;8372;82248311
60;8373;82248311
60;8374;82248311
60;8375;82248312
60;8376;82248313
60;8377;82248313
60;8378;82248314
60;8379;82248314
60;8380;82248314
60;8381;82248315
60;8382;82248315
60;8383;82248316
60;8384;82248316
60;8385;82248367
60;8386;82248368
60;8387;82248368
60;8388;82248369
60;8389;82248369
60;8390;82248370
60;8391;82248370
60;8392;82248371
60;8393;82248371
60;8394;82248371
60;8395;82248372
60;8396;82248373
60;8397;82248373
60;8398;82248374
60;8399;82248374
60;8400;82248374
61;8401;82248381
61;8402;82248381
61;8403;82248435
61;8404;82248435
61;8405;82248436
61;8406;82248437
61;8407;82248438
61;8408;82248439
61;8409;82248439
61;8410;82248440
61;8411;82248441
61;8412;82248442
61;8413;82248443
61;8414;82248443
61;8415;82248445
61;8416;82248446
61;8417;82248447
61;8418;82248448
61;8419;82248449
61;8420;82248450
61;8421;82248500
61;8422;82248500
61;8423;82248501
61;8424;82248502
61;8425;82248503
61;8426;82248504
61;8427;82248505
61;8428;82248505
61;8429;82248506
61;8430;82248507
61;8431;82248508
61;8432;82248509
62;8433;82248516
62;8434;82248516
62;8435;82248517
62;8436;82248517
62;8437;82248518
62;8438;82248520
62;8439;82248566
62;8440;82248567
62;8441;82248567
62;8442;82248568
62;8443;82248568
62;8444;82248569
62;8445;82248570
62;8446;82248571
62;8447;82248572
62;8448;82248573
62;8449;82248574
62;8450;82248575
62;8451;82248576
62;8452;82248576
62;8453;82248578
62;8454;82248579
62;8455;82248579
62;8456;82248580
62;8457;82248633
62;8458;82248633
62;8459;82248634
62;8460;82248635
62;8461;82248636
62;8462;82248637
62;8463;82248637
62;8464;82248638
63;8465;82248646
63;8466;82248647
63;8467;82248647
63;8468;82248647
63;8469;82248648
63;8470;82248649
63;8471;82248649
63;8472;82248649
63;8473;82248650
63;8474;82248650
63;8475;82248699
63;8476;82248700
63;8477;82248700
63;8478;82248700
63;8479;82248701
63;8480;82248701
63;8481;82248701
63;8482;82248702
63;8483;82248702
63;8484;82248703
63;8485;82248703
63;8486;82248703
63;8487;82248704
63;8488;82248704
63;8489;82248705
63;8490;82248705
63;8491;82248706
63;8492;82248706
63;8493;82248768
63;8494;82248768
63;8495;82248769
63;8496;82248769
64;8497;82248776
64;8498;82248776
64;8499;82248778
64;8500;82248782
64;8501;82248783
64;8502;82248783
64;8503;82248784
64;8504;82248785
64;8505;82248786
64;8506;82248787
64;8507;82248788
64;8508;82248789
64;8509;82248789
64;8510;82248791
64;8511;82248832
64;8512;82248833
64;8513;82248833
64;8514;82248833
64;8515;82248834
64;8516;82248835
64;8517;82248836
64;8518;82248836
64;8519;82248836
64;8520;82248837
64;8521;82248837
64;8522;82248838
64;8523;82248838
64;8524;82248839
64;8525;82248839
64;8526;82248839
64;8527;82248840
64;8528;82248840
65;8529;82248900
65;8530;82248900
65;8531;82248901
65;8532;82248901
65;8533;82248902
65;8534;82248903
65;8535;82248904
65;8536;82248905
65;8537;82248906
65;8538;82248906
65;8539;82248907
65;8540;82248907
65;8541;82248907
65;8542;82248908
65;8543;82248908
65;8544;82248909
65;8545;82248909
65;8546;82248910
65;8547;82248965
65;8548;82248965
65;8549;82248966
65;8550;82248966
65;8551;82248966
65;8552;82248967
65;8553;82248967
65;8554;82248968
65;8555;82248968
65;8556;82248969
65;8557;82248969
65;8558;82248969
65;8559;82248970
65;8560;82248970
66;8561;82248977
66;8562;82248980
66;8563;82248981
66;8564;82248982
66;8565;82249031
66;8566;82249032
66;8567;82249032
66;8568;82249033
66;8569;82249033
66;8570;82249034
66;8571;82249034
66;8572;82249034
66;8573;82249035
66;8574;82249035
66;8575;82249036
66;8576;82249036
66;8577;82249036
66;8578;82249037
66;8579;82249037
66;8580;82249038
66;8581;82249038
66;8582;82249038
66;8583;82249099
66;8584;82249099
66;8585;82249100
66;8586;82249100
66;8587;82249101
66;8588;82249101
66;8589;82249101
66;8590;82249102
66;8591;82249102
66;8592;82249103
67;8593;82249109
67;8594;82249110
67;8595;82249124
67;8596;82249126
67;8597;82249127
67;8598;82249127
67;8599;82249128
67;8600;82249130
67;8601;82249130
67;8602;82249165
67;8603;82249165
67;8604;82249166
67;8605;82249166
67;8606;82249167
67;8607;82249167
67;8608;82249168
67;8609;82249168
67;8610;82249168
67;8611;82249169
67;8612;82249169
67;8613;82249169
67;8614;82249170
67;8615;82249170
67;8616;82249171
67;8617;82249172
67;8618;82249172
67;8619;82249173
67;8620;82249230
67;8621;82249231
67;8622;82249231
67;8623;82249232
67;8624;82249232
68;8625;82249238
68;8626;82249239
68;8627;82249239
68;8628;82249239
68;8629;82249240
68;8630;82249242
68;8631;82249243
68;8632;82249244
68;8633;82249244
68;8634;82249246
68;8635;82249246
68;8636;82249247
68;8637;82249247
68;8638;82249248
68;8639;82249297
68;8640;82249297
68;8641;82249298
68;8642;82249298
68;8643;82249298
68;8644;82249299
68;8645;82249299
68;8646;82249300
68;8647;82249300
68;8648;82249301
68;8649;82249301
68;8650;82249302
68;8651;82249303
68;8652;82249303
68;8653;82249303
68;8654;82249304
68;8655;82249304
68;8656;82249305
69;8657;82249364
69;8658;82249364
69;8659;82249365
69;8660;82249365
69;8661;82249366
69;8662;82249367
69;8663;82249368
69;8664;82249369
69;8665;82249370
69;8666;82249371
69;8667;82249372
69;8668;82249373
69;8669;82249374
69;8670;82249374
69;8671;82249376
69;8672;82249377
69;8673;82249377
69;8674;82249378
69;8675;82249431
69;8676;82249431
69;8677;82249432
69;8678;82249433
69;8679;82249434
69;8680;82249435
69;8681;82249436
69;8682;82249437
69;8683;82249438
69;8684;82249438
69;8685;82249439
69;8686;82249440
69;8687;82249441
69;8688;82249442
70;8689;82249450
70;8690;82249450
70;8691;82249451
70;8692;82249452
70;8693;82249496
70;8694;82249497
70;8695;82249497
70;8696;82249497
70;8697;82249498
70;8698;82249498
70;8699;82249499
70;8700;82249499
70;8701;82249500
70;8702;82249500
70;8703;82249501
70;8704;82249501
70;8705;82249501
70;8706;82249502
70;8707;82249502
70;8708;82249502
70;8709;82249503
70;8710;82249503
70;8711;82249563
70;8712;82249563
70;8713;82249564
70;8714;82249564
70;8715;82249565
70;8716;82249565
70;8717;82249565
70;8718;82249566
70;8719;82249566
70;8720;82249567
71;8721;82249573
71;8722;82249574
71;8723;82249575
71;8724;82249575
71;8725;82249577
71;8726;82249577
71;8727;82249578
71;8728;82249579
71;8729;82249629
71;8730;82249629
71;8731;82249630
71;8732;82249630
71;8733;82249631
71;8734;82249632
71;8735;82249632
71;8736;82249633
71;8737;82249633
71;8738;82249634
71;8739;82249634
71;8740;82249635
71;8741;82249635
71;8742;82249635
71;8743;82249636
71;8744;82249636
71;8745;82249637
71;8746;82249638
71;8747;82249695
71;8748;82249696
71;8749;82249696
71;8750;82249697
71;8751;82249697
71;8752;82249698
72;8753;82249705
72;8754;82249708
72;8755;82249709
72;8756;82249709
72;8757;82249710
72;8758;82249711
72;8759;82249712
72;8760;82249713
72;8761;82249714
72;8762;82249715
72;8763;82249716
72;8764;82249717
72;8765;82249763
72;8766;82249764
72;8767;82249764
72;8768;82249765
72;8769;82249765
72;8770;82249766
72;8771;82249768
72;8772;82249769
72;8773;82249769
72;8774;82249769
72;8775;82249770
72;8776;82249770
72;8777;82249771
72;8778;82249771
72;8779;82249772
72;8780;82249772
72;8781;82249773
72;8782;82249774
72;8783;82249828
72;8784;82249829
73;8785;82249835
73;8786;82249837
73;8787;82249838
73;8788;82249838
73;8789;82249839
73;8790;82249840
73;8791;82249840
73;8792;82249840
73;8793;82249841
73;8794;82249841
73;8795;82249842
73;8796;82249842
73;8797;82249843
73;8798;82249843
73;8799;82249843
73;8800;82249844
73;8801;82249894
73;8802;82249895
73;8803;82249895
73;8804;82249896
73;8805;82249896
73;8806;82249897
73;8807;82249897
73;8808;82249897
73;8809;82249898
73;8810;82249898
73;8811;82249898
73;8812;82249899
73;8813;82249899
73;8814;82249899
73;8815;82249900
73;8816;82249901
74;8817;82249908
74;8818;82249909
74;8819;82249961
74;8820;82249962
74;8821;82249962
74;8822;82249963
74;8823;82249964
74;8824;82249964
74;8825;82249965
74;8826;82249965
74;8827;82249965
74;8828;82249966
74;8829;82249966
74;8830;82249967
74;8831;82249967
74;8832;82249968
74;8833;82249968
74;8834;82249968
74;8835;82249969
74;8836;82249969
74;8837;82250027
74;8838;82250028
74;8839;82250028
74;8840;82250029
74;8841;82250029
74;8842;82250030
74;8843;82250030
74;8844;82250030
74;8845;82250031
74;8846;82250031
74;8847;82250032
74;8848;82250032
75;8849;82250039
75;8850;82250041
75;8851;82250044
75;8852;82250045
75;8853;82250045
75;8854;82250046
75;8855;82250095
75;8856;82250095
75;8857;82250096
75;8858;82250096
75;8859;82250097
75;8860;82250098
75;8861;82250099
75;8862;82250100
75;8863;82250100
75;8864;82250101
75;8865;82250101
75;8866;82250102
75;8867;82250102
75;8868;82250103
75;8869;82250103
75;8870;82250104
75;8871;82250104
75;8872;82250105
75;8873;82250160
75;8874;82250160
75;8875;82250161
75;8876;82250161
75;8877;82250162
75;8878;82250163
75;8879;82250163
75;8880;82250164
76;8881;82250170
76;8882;82250171
76;8883;82250173
76;8884;82250174
76;8885;82250174
76;8886;82250175
76;8887;82250175
76;8888;82250176
76;8889;82250176
76;8890;82250177
76;8891;82250226
76;8892;82250227
76;8893;82250227
76;8894;82250228
76;8895;82250228
76;8896;82250228
76;8897;82250229
76;8898;82250229
76;8899;82250230
76;8900;82250230
76;8901;82250231
76;8902;82250231
76;8903;82250231
76;8904;82250232
76;8905;82250232
76;8906;82250233
76;8907;82250233
76;8908;82250233
76;8909;82250293
76;8910;82250294
76;8911;82250294
76;8912;82250295
77;8913;82250301
77;8914;82250304
77;8915;82250305
77;8916;82250306
77;8917;82250307
77;8918;82250307
77;8919;82250307
77;8920;82250308
77;8921;82250308
77;8922;82250309
77;8923;82250309
77;8924;82250310
77;8925;82250310
77;8926;82250310
77;8927;82250360
77;8928;82250360
77;8929;82250360
77;8930;82250361
77;8931;82250361
77;8932;82250362
77;8933;82250362
77;8934;82250363
77;8935;82250363
77;8936;82250363
77;8937;82250364
77;8938;82250364
77;8939;82250364
77;8940;82250365
77;8941;82250365
77;8942;82250366
77;8943;82250366
77;8944;82250366
78;8945;82250428
78;8946;82250428
78;8947;82250429
78;8948;82250429
78;8949;82250430
78;8950;82250431
78;8951;82250431
78;8952;82250432
78;8953;82250433
78;8954;82250433
78;8955;82250433
78;8956;82250434
78;8957;82250434
78;8958;82250435
78;8959;82250436
78;8960;82250436
78;8961;82250437
78;8962;82250492
78;8963;82250493
78;8964;82250493
78;8965;82250493
78;8966;82250494
78;8967;82250494
78;8968;82250494
78;8969;82250495
78;8970;82250495
78;8971;82250496
78;8972;82250497
78;8973;82250497
78;8974;82250497
78;8975;82250498
78;8976;82250498
79;8977;82250505
79;8978;82250506
79;8979;82250509
79;8980;82250558
79;8981;82250559
79;8982;82250559
79;8983;82250560
79;8984;82250560
79;8985;82250560
79;8986;82250561
79;8987;82250561
79;8988;82250562
79;8989;82250562
79;8990;82250563
79;8991;82250563
79;8992;82250564
79;8993;82250564
79;8994;82250564
79;8995;82250565
79;8996;82250565
79;8997;82250625
79;8998;82250625
79;8999;82250626
79;9000;82250626
79;9001;82250627
79;9002;82250627
79;9003;82250627
79;9004;82250628
79;9005;82250628
79;9006;82250628
79;9007;82250629
79;9008;82250629
80;9009;82250636
80;9010;82250636
80;9011;82250636
80;9012;82250637
80;9013;82250637
80;9014;82250691
80;9015;82250692
80;9016;82250692
80;9017;82250693
80;9018;82250693
80;9019;82250694
80;9020;82250694
80;9021;82250695
80;9022;82250695
80;9023;82250695
80;9024;82250696
80;9025;82250697
80;9026;82250697
80;9027;82250698
80;9028;82250698
80;9029;82250699
80;9030;82250699
80;9031;82250700
80;9032;82250766
80;9033;82250766
80;9034;82250766
80;9035;82250767
80;9036;82250767
80;9037;82250767
80;9038;82250768
80;9039;82250768
80;9040;82250769
81;9041;82250775
81;9042;82250776
81;9043;82250777
81;9044;82250781
81;9045;82250782
81;9046;82250783
81;9047;82250784
81;9048;82250785
81;9049;82250786
81;9050;82250826
81;9051;82250827
81;9052;82250828
81;9053;82250829
81;9054;82250829
81;9055;82250830
81;9056;82250831
81;9057;82250832
81;9058;82250833
81;9059;82250834
81;9060;82250835
81;9061;82250836
81;9062;82250837
81;9063;82250838
81;9064;82250839
81;9065;82250839
81;9066;82250840
81;9067;82250841
81;9068;82250841
81;9069;82250841
81;9070;82250842
81;9071;82250842
81;9072;82250843
82;9073;82250851
82;9074;82250852
82;9075;82250853
82;9076;82250854
82;9077;82250854
82;9078;82250855
82;9079;82250856
82;9080;82250856
82;9081;82250857
82;9082;82250857
82;9083;82250858
82;9084;82250858
82;9085;82250858
82;9086;82250859
82;9087;82250859
82;9088;82250859
82;9089;82250860
82;9090;82250860
82;9091;82250861
82;9092;82250861
82;9093;82250862
82;9094;82250862
82;9095;82250863
82;9096;82250863
82;9097;82250864
82;9098;82250864
82;9099;82250865
82;9100;82250865
82;9101;82250866
82;9102;82250866
82;9103;82250892
82;9104;82250892
83;9105;82250899
83;9106;82250899
83;9107;82250900
83;9108;82250905
83;9109;82250906
83;9110;82250907
83;9111;82250907
83;9112;82250908
83;9113;82250908
83;9114;82250909
83;9115;82250909
83;9116;82250910
83;9117;82250910
83;9118;82250910
83;9119;82250911
83;9120;82250912
83;9121;82250912
83;9122;82250913
83;9123;82250913
83;9124;82250913
83;9125;82250914
83;9126;82250914
83;9127;82250915
83;9128;82250915
83;9129;82250958
83;9130;82250958
83;9131;82250959
83;9132;82250959
83;9133;82250959
83;9134;82250960
83;9135;82250960
83;9136;82250961
84;9137;82250967
84;9138;82250968
84;9139;82250968
84;9140;82250972
84;9141;82250973
84;9142;82250974
84;9143;82250974
84;9144;82250975
84;9145;82250975
84;9146;82250975
84;9147;82250976
84;9148;82250976
84;9149;82250977
84;9150;82250977
84;9151;82251024
84;9152;82251025
84;9153;82251025
84;9154;82251026
84;9155;82251026
84;9156;82251027
84;9157;82251027
84;9158;82251027
84;9159;82251028
84;9160;82251028
84;9161;82251029
84;9162;82251029
84;9163;82251030
84;9164;82251030
84;9165;82251030
84;9166;82251031
84;9167;82251031
84;9168;82251032
85;9169;82251038
85;9170;82251042
85;9171;82251043
85;9172;82251092
85;9173;82251092
85;9174;82251093
85;9175;82251094
85;9176;82251094
85;9177;82251095
85;9178;82251096
85;9179;82251097
85;9180;82251097
85;9181;82251098
85;9182;82251099
85;9183;82251099
85;9184;82251100
85;9185;82251100
85;9186;82251101
85;9187;82251101
85;9188;82251102
85;9189;82251102
85;9190;82251103
85;9191;82251103
85;9192;82251157
85;9193;82251158
85;9194;82251158
85;9195;82251158
85;9196;82251159
85;9197;82251159
85;9198;82251160
85;9199;82251160
85;9200;82251160
86;9201;82251167
86;9202;82251168
86;9203;82251171
86;9204;82251171
86;9205;82251172
86;9206;82251172
86;9207;82251173
86;9208;82251173
86;9209;82251174
86;9210;82251174
86;9211;82251223
86;9212;82251224
86;9213;82251224
86;9214;82251225
86;9215;82251226
86;9216;82251226
86;9217;82251227
86;9218;82251228
86;9219;82251228
86;9220;82251228
86;9221;82251229
86;9222;82251229
86;9223;82251230
86;9224;82251230
86;9225;82251231
86;9226;82251231
86;9227;82251232
86;9228;82251232
86;9229;82251233
86;9230;82251289
86;9231;82251290
86;9232;82251290
87;9233;82251297
87;9234;82251299
87;9235;82251300
87;9236;82251301
87;9237;82251301
87;9238;82251301
87;9239;82251302
87;9240;82251302
87;9241;82251303
87;9242;82251303
87;9243;82251304
87;9244;82251304
87;9245;82251305
87;9246;82251305
87;9247;82251305
87;9248;82251356
87;9249;82251356
87;9250;82251357
87;9251;82251357
87;9252;82251358
87;9253;82251358
87;9254;82251359
87;9255;82251359
87;9256;82251359
87;9257;82251360
87;9258;82251360
87;9259;82251360
87;9260;82251361
87;9261;82251361
87;9262;82251362
87;9263;82251362
87;9264;82251363
88;9265;82251369
88;9266;82251423
88;9267;82251424
88;9268;82251424
88;9269;82251425
88;9270;82251425
88;9271;82251426
88;9272;82251426
88;9273;82251427
88;9274;82251427
88;9275;82251428
88;9276;82251428
88;9277;82251428
88;9278;82251429
88;9279;82251429
88;9280;82251429
88;9281;82251430
88;9282;82251430
88;9283;82251431
88;9284;82251489
88;9285;82251489
88;9286;82251490
88;9287;82251490
88;9288;82251490
88;9289;82251491
88;9290;82251491
88;9291;82251491
88;9292;82251492
88;9293;82251493
88;9294;82251493
88;9295;82251494
88;9296;82251494
89;9297;82251500
89;9298;82251501
89;9299;82251501
89;9300;82251502
89;9301;82251502
89;9302;82251556
89;9303;82251556
89;9304;82251557
89;9305;82251557
89;9306;82251558
89;9307;82251558
89;9308;82251559
89;9309;82251559
89;9310;82251559
89;9311;82251560
89;9312;82251561
89;9313;82251561
89;9314;82251562
89;9315;82251562
89;9316;82251563
89;9317;82251563
89;9318;82251563
89;9319;82251564
89;9320;82251621
89;9321;82251622
89;9322;82251623
89;9323;82251623
89;9324;82251623
89;9325;82251624
89;9326;82251624
89;9327;82251624
89;9328;82251625
90;9329;82251631
90;9330;82251632
90;9331;82251636
90;9332;82251637
90;9333;82251638
90;9334;82251639
90;9335;82251640
90;9336;82251641
90;9337;82251642
90;9338;82251642
90;9339;82251688
90;9340;82251688
90;9341;82251689
90;9342;82251689
90;9343;82251690
90;9344;82251690
90;9345;82251690
90;9346;82251691
90;9347;82251691
90;9348;82251692
90;9349;82251692
90;9350;82251693
90;9351;82251693
90;9352;82251694
90;9353;82251694
90;9354;82251695
90;9355;82251695
90;9356;82251695
90;9357;82251755
90;9358;82251756
90;9359;82251756
90;9360;82251757
91;9361;82251763
91;9362;82251764
91;9363;82251768
91;9364;82251769
91;9365;82251769
91;9366;82251770
91;9367;82251771
91;9368;82251772
91;9369;82251773
91;9370;82251773
91;9371;82251774
91;9372;82251775
91;9373;82251775
91;9374;82251776
91;9375;82251820
91;9376;82251821
91;9377;82251821
91;9378;82251822
91;9379;82251823
91;9380;82251823
91;9381;82251823
91;9382;82251824
91;9383;82251824
91;9384;82251825
91;9385;82251825
91;9386;82251825
91;9387;82251826
91;9388;82251826
91;9389;82251827
91;9390;82251827
91;9391;82251827
91;9392;82251828
92;9393;82251887
92;9394;82251888
92;9395;82251888
92;9396;82251889
92;9397;82251889
92;9398;82251889
92;9399;82251890
92;9400;82251890
92;9401;82251891
92;9402;82251891
92;9403;82251891
92;9404;82251892
92;9405;82251892
92;9406;82251893
92;9407;82251893
92;9408;82251894
92;9409;82251894
92;9410;82251894
92;9411;82251953
92;9412;82251954
92;9413;82251954
92;9414;82251955
92;9415;82251955
92;9416;82251955
92;9417;82251956
92;9418;82251956
92;9419;82251957
92;9420;82251957
92;9421;82251958
92;9422;82251958
92;9423;82251959
92;9424;82251959
93;9425;82251966
93;9426;82251967
93;9427;82251971
93;9428;82251972
93;9429;82252020
93;9430;82252020
93;9431;82252020
93;9432;82252021
93;9433;82252023
93;9434;82252023
93;9435;82252024
93;9436;82252024
93;9437;82252025
93;9438;82252025
93;9439;82252025
93;9440;82252026
93;9441;82252026
93;9442;82252027
93;9443;82252027
93;9444;82252027
93;9445;82252028
93;9446;82252087
93;9447;82252088
93;9448;82252088
93;9449;82252089
93;9450;82252089
93;9451;82252089
93;9452;82252090
93;9453;82252090
93;9454;82252091
93;9455;82252091
93;9456;82252092
94;9457;82252098
94;9458;82252099
94;9459;82252102
94;9460;82252103
94;9461;82252104
94;9462;82252105
94;9463;82252153
94;9464;82252153
94;9465;82252153
94;9466;82252154
94;9467;82252154
94;9468;82252154
94;9469;82252155
94;9470;82252155
94;9471;82252156
94;9472;82252156
94;9473;82252156
94;9474;82252157
94;9475;82252157
94;9476;82252158
94;9477;82252158
94;9478;82252159
94;9479;82252159
94;9480;82252219
94;9481;82252219
94;9482;82252220
94;9483;82252220
94;9484;82252220
94;9485;82252221
94;9486;82252221
94;9487;82252222
94;9488;82252222
95;9489;82252229
95;9490;82252229
95;9491;82252233
95;9492;82252234
95;9493;82252234
95;9494;82252235
95;9495;82252236
95;9496;82252237
95;9497;82252285
95;9498;82252286
95;9499;82252286
95;9500;82252286
95;9501;82252287
95;9502;82252287
95;9503;82252288
95;9504;82252288
95;9505;82252289
95;9506;82252289
95;9507;82252290
95;9508;82252290
95;9509;82252290
95;9510;82252291
95;9511;82252291
95;9512;82252292
95;9513;82252292
95;9514;82252352
95;9515;82252353
95;9516;82252354
95;9517;82252354
95;9518;82252354
95;9519;82252355
95;9520;82252355
96;9521;82252362
96;9522;82252363
96;9523;82252366
96;9524;82252367
96;9525;82252368
96;9526;82252369
96;9527;82252370
96;9528;82252370
96;9529;82252370
96;9530;82252371
96;9531;82252420
96;9532;82252420
96;9533;82252420
96;9534;82252421
96;9535;82252421
96;9536;82252422
96;9537;82252422
96;9538;82252423
96;9539;82252423
96;9540;82252424
96;9541;82252424
96;9542;82252424
96;9543;82252425
96;9544;82252425
96;9545;82252425
96;9546;82252426
96;9547;82252426
96;9548;82252427
96;9549;82252485
96;9550;82252485
96;9551;82252486
96;9552;82252486
97;9553;82252492
97;9554;82252493
97;9555;82252494
97;9556;82252497
97;9557;82252498
97;9558;82252499
97;9559;82252500
97;9560;82252501
97;9561;82252502
97;9562;82252503
97;9563;82252504
97;9564;82252505
97;9565;82252506
97;9566;82252506
97;9567;82252551
97;9568;82252551
97;9569;82252552
97;9570;82252552
97;9571;82252553
97;9572;82252553
97;9573;82252554
97;9574;82252554
97;9575;82252554
97;9576;82252555
97;9577;82252555
97;9578;82252556
97;9579;82252556
97;9580;82252557
97;9581;82252557
97;9582;82252558
97;9583;82252558
97;9584;82252558
98;9585;82252618
98;9586;82252618
98;9587;82252619
98;9588;82252619
98;9589;82252619
98;9590;82252620
98;9591;82252620
98;9592;82252620
98;9593;82252621
98;9594;82252621
98;9595;82252621
98;9596;82252622
98;9597;82252622
98;9598;82252623
98;9599;82252623
98;9600;82252624
98;9601;82252628
98;9602;82252629
98;9603;82252684
98;9604;82252684
98;9605;82252685
98;9606;82252685
98;9607;82252686
98;9608;82252686
98;9609;82252686
98;9610;82252687
98;9611;82252687
98;9612;82252688
98;9613;82252688
98;9614;82252688
98;9615;82252689
98;9616;82252689
99;9617;82252696
99;9618;82252697
99;9619;82252697
99;9620;82252698
99;9621;82252753
99;9622;82252753
99;9623;82252754
99;9624;82252755
99;9625;82252755
99;9626;82252756
99;9627;82252757
99;9628;82252758
99;9629;82252759
99;9630;82252760
99;9631;82252761
99;9632;82252762
99;9633;82252762
99;9634;82252763
99;9635;82252763
99;9636;82252764
99;9637;82252764
99;9638;82252765
99;9639;82252817
99;9640;82252817
99;9641;82252818
99;9642;82252818
99;9643;82252818
99;9644;82252819
99;9645;82252819
99;9646;82252820
99;9647;82252820
99;9648;82252821
100;9649;82252828
100;9650;82252831
100;9651;82252831
100;9652;82252832
100;9653;82252833
100;9654;82252834
100;9655;82252835
100;9656;82252836
100;9657;82252883
100;9658;82252884
100;9659;82252884
100;9660;82252885
100;9661;82252886
100;9662;82252886
100;9663;82252887
100;9664;82252888
100;9665;82252890
100;9666;82252890
100;9667;82252891
100;9668;82252892
100;9669;82252893
100;9670;82252894
100;9671;82252895
100;9672;82252896
100;9673;82252897
100;9674;82252897
100;9675;82252949
100;9676;82252950
100;9677;82252950
100;9678;82252951
100;9679;82252952
100;9680;82252953
101;9681;82252961
101;9682;82252961
101;9683;82252962
101;9684;82252963
101;9685;82252964
101;9686;82252965
101;9687;82252965
101;9688;82252965
101;9689;82252966
101;9690;82252966
101;9691;82252966
101;9692;82252967
101;9693;82253016
101;9694;82253016
101;9695;82253017
101;9696;82253017
101;9697;82253017
101;9698;82253017
101;9699;82253018
101;9700;82253018
101;9701;82253019
101;9702;82253019
101;9703;82253019
101;9704;82253020
101;9705;82253020
101;9706;82253021
101;9707;82253021
101;9708;82253022
101;9709;82253022
101;9710;82253084
101;9711;82253084
101;9712;82253085
102;9713;82253091
102;9714;82253092
102;9715;82253092
102;9716;82253092
102;9717;82253093
102;9718;82253094
102;9719;82253095
102;9720;82253095
102;9721;82253096
102;9722;82253096
102;9723;82253097
102;9724;82253097
102;9725;82253097
102;9726;82253098
102;9727;82253149
102;9728;82253150
102;9729;82253150
102;9730;82253150
102;9731;82253151
102;9732;82253151
102;9733;82253152
102;9734;82253152
102;9735;82253153
102;9736;82253153
102;9737;82253154
102;9738;82253154
102;9739;82253155
102;9740;82253156
102;9741;82253156
102;9742;82253156
102;9743;82253157
102;9744;82253215
103;9745;82253222
103;9746;82253224
103;9747;82253227
103;9748;82253227
103;9749;82253228
103;9750;82253229
103;9751;82253230
103;9752;82253231
103;9753;82253232
103;9754;82253233
103;9755;82253234
103;9756;82253234
103;9757;82253236
103;9758;82253236
103;9759;82253237
103;9760;82253237
103;9761;82253281
103;9762;82253282
103;9763;82253283
103;9764;82253283
103;9765;82253283
103;9766;82253284
103;9767;82253284
103;9768;82253285
103;9769;82253285
103;9770;82253286
103;9771;82253286
103;9772;82253286
103;9773;82253287
103;9774;82253287
103;9775;82253288
103;9776;82253288
104;9777;82253296
104;9778;82253298
104;9779;82253348
104;9780;82253348
104;9781;82253349
104;9782;82253349
104;9783;82253350
104;9784;82253351
104;9785;82253351
104;9786;82253352
104;9787;82253352
104;9788;82253353
104;9789;82253353
104;9790;82253354
104;9791;82253354
104;9792;82253355
104;9793;82253355
104;9794;82253355
104;9795;82253356
104;9796;82253416
104;9797;82253416
104;9798;82253417
104;9799;82253417
104;9800;82253418
104;9801;82253418
104;9802;82253418
104;9803;82253419
104;9804;82253419
104;9805;82253420
104;9806;82253420
104;9807;82253420
104;9808;82253421
105;9809;82253427
105;9810;82253428
105;9811;82253431
105;9812;82253432
105;9813;82253481
105;9814;82253481
105;9815;82253482
105;9816;82253482
105;9817;82253483
105;9818;82253483
105;9819;82253484
105;9820;82253484
105;9821;82253484
105;9822;82253485
105;9823;82253485
105;9824;82253486
105;9825;82253486
105;9826;82253487
105;9827;82253487
105;9828;82253487
105;9829;82253488
105;9830;82253548
105;9831;82253549
105;9832;82253549
105;9833;82253550
105;9834;82253550
105;9835;82253551
105;9836;82253551
105;9837;82253551
105;9838;82253552
105;9839;82253552
105;9840;82253553
106;9841;82253560
106;9842;82253564
106;9843;82253565
106;9844;82253565
106;9845;82253566
106;9846;82253567
106;9847;82253568
106;9848;82253614
106;9849;82253614
106;9850;82253615
106;9851;82253616
106;9852;82253617
106;9853;82253617
106;9854;82253618
106;9855;82253619
106;9856;82253620
106;9857;82253621
106;9858;82253622
106;9859;82253623
106;9860;82253624
106;9861;82253624
106;9862;82253626
106;9863;82253627
106;9864;82253627
106;9865;82253628
106;9866;82253680
106;9867;82253681
106;9868;82253681
106;9869;82253681
106;9870;82253681
106;9871;82253682
106;9872;82253683
107;9873;82253689
107;9874;82253690
107;9875;82253691
107;9876;82253692
107;9877;82253694
107;9878;82253695
107;9879;82253696
107;9880;82253696
107;9881;82253697
107;9882;82253698
107;9883;82253699
107;9884;82253748
107;9885;82253748
107;9886;82253749
107;9887;82253750
107;9888;82253750
107;9889;82253751
107;9890;82253752
107;9891;82253752
107;9892;82253753
107;9893;82253753
107;9894;82253754
107;9895;82253754
107;9896;82253754
107;9897;82253755
107;9898;82253755
107;9899;82253756
107;9900;82253756
107;9901;82253813
107;9902;82253813
107;9903;82253814
107;9904;82253814
108;9905;82253821
108;9906;82253822
108;9907;82253824
108;9908;82253825
108;9909;82253825
108;9910;82253825
108;9911;82253826
108;9912;82253826
108;9913;82253827
108;9914;82253827
108;9915;82253827
108;9916;82253828
108;9917;82253828
108;9918;82253829
108;9919;82253879
108;9920;82253880
108;9921;82253880
108;9922;82253881
108;9923;82253881
108;9924;82253881
108;9925;82253882
108;9926;82253882
108;9927;82253883
108;9928;82253883
108;9929;82253884
108;9930;82253884
108;9931;82253885
108;9932;82253885
108;9933;82253885
108;9934;82253886
108;9935;82253886
108;9936;82253886
109;9937;82253947
109;9938;82253947
109;9939;82253948
109;9940;82253948
109;9941;82253949
109;9942;82253950
109;9943;82253951
109;9944;82253956
109;9945;82253957
109;9946;82253958
109;9947;82253959
109;9948;82253959
109;9949;82253960
109;9950;82253961
109;9951;82253962
109;9952;82253963
109;9953;82253964
109;9954;82254012
109;9955;82254013
109;9956;82254013
109;9957;82254013
109;9958;82254014
109;9959;82254015
109;9960;82254015
109;9961;82254016
109;9962;82254016
109;9963;82254017
109;9964;82254017
109;9965;82254018
109;9966;82254018
109;9967;82254018
109;9968;82254019
110;9969;82254026
110;9970;82254027
110;9971;82254080
110;9972;82254081
110;9973;82254081
110;9974;82254082
110;9975;82254083
110;9976;82254084
110;9977;82254085
110;9978;82254086
110;9979;82254086
110;9980;82254087
110;9981;82254087
110;9982;82254088
110;9983;82254088
110;9984;82254088
110;9985;82254089
110;9986;82254090
110;9987;82254090
110;9988;82254145
110;9989;82254145
110;9990;82254146
110;9991;82254146
110;9992;82254147
110;9993;82254147
110;9994;82254148
110;9995;82254148
110;9996;82254148
110;9997;82254149
110;9998;82254149
110;9999;82254150
110;10000;82254150
111;10001;82254159
111;10002;82254160
111;10003;82254161
111;10004;82254162
111;10005;82254211
111;10006;82254212
111;10007;82254212
111;10008;82254213
111;10009;82254214
111;10010;82254215
111;10011;82254215
111;10012;82254215
111;10013;82254216
111;10014;82254216
111;10015;82254217
111;10016;82254217
111;10017;82254218
111;10018;82254218
111;10019;82254219
111;10020;82254219
111;10021;82254219
111;10022;82254278
111;10023;82254279
111;10024;82254279
111;10025;82254279
111;10026;82254280
111;10027;82254280
111;10028;82254280
111;10029;82254281
111;10030;82254281
111;10031;82254282
111;10032;82254282
112;10033;82254289
112;10034;82254290
112;10035;82254293
112;10036;82254294
112;10037;82254295
112;10038;82254295
112;10039;82254296
112;10040;82254345
112;10041;82254345
112;10042;82254346
112;10043;82254346
112;10044;82254347
112;10045;82254347
112;10046;82254348
112;10047;82254348
112;10048;82254348
112;10049;82254349
112;10050;82254349
112;10051;82254350
112;10052;82254350
112;10053;82254350
112;10054;82254351
112;10055;82254352
112;10056;82254352
112;10057;82254353
112;10058;82254412
112;10059;82254413
112;10060;82254413
112;10061;82254414
112;10062;82254414
112;10063;82254414
112;10064;82254415
113;10065;82254422
113;10066;82254425
113;10067;82254426
113;10068;82254427
113;10069;82254428
113;10070;82254429
113;10071;82254430
113;10072;82254431
113;10073;82254432
113;10074;82254432
113;10075;82254433
113;10076;82254478
113;10077;82254478
113;10078;82254479
113;10079;82254479
113;10080;82254480
113;10081;82254480
113;10082;82254481
113;10083;82254481
113;10084;82254481
113;10085;82254482
113;10086;82254482
113;10087;82254483
113;10088;82254483
113;10089;82254484
113;10090;82254484
113;10091;82254484
113;10092;82254485
113;10093;82254486
113;10094;82254544
113;10095;82254544
113;10096;82254544
114;10097;82254551
114;10098;82254552
114;10099;82254555
114;10100;82254556
114;10101;82254557
114;10102;82254558
114;10103;82254559
114;10104;82254560
114;10105;82254560
114;10106;82254561
114;10107;82254561
114;10108;82254562
114;10109;82254562
114;10110;82254563
114;10111;82254563
114;10112;82254563
114;10113;82254610
114;10114;82254610
114;10115;82254611
114;10116;82254611
114;10117;82254612
114;10118;82254612
114;10119;82254613
114;10120;82254613
114;10121;82254614
114;10122;82254614
114;10123;82254614
114;10124;82254615
114;10125;82254615
114;10126;82254616
114;10127;82254616
114;10128;82254616
115;10129;82254623
115;10130;82254624
115;10131;82254626
115;10132;82254676
115;10133;82254677
115;10134;82254678
115;10135;82254678
115;10136;82254679
115;10137;82254680
115;10138;82254681
115;10139;82254682
115;10140;82254683
115;10141;82254684
115;10142;82254684
115;10143;82254685
115;10144;82254686
115;10145;82254687
115;10146;82254687
115;10147;82254688
115;10148;82254688
115;10149;82254688
115;10150;82254689
115;10151;82254751
115;10152;82254751
115;10153;82254752
115;10154;82254753
115;10155;82254753
115;10156;82254753
115;10157;82254754
115;10158;82254754
115;10159;82254755
115;10160;82254755
116;10161;82254762
116;10162;82254763
116;10163;82254765
116;10164;82254765
116;10165;82254766
116;10166;82254766
116;10167;82254767
116;10168;82254767
116;10169;82254768
116;10170;82254811
116;10171;82254812
116;10172;82254812
116;10173;82254813
116;10174;82254813
116;10175;82254814
116;10176;82254814
116;10177;82254815
116;10178;82254815
116;10179;82254816
116;10180;82254816
116;10181;82254816
116;10182;82254817
116;10183;82254817
116;10184;82254818
116;10185;82254818
116;10186;82254819
116;10187;82254819
116;10188;82254820
116;10189;82254820
116;10190;82254821
116;10191;82254821
116;10192;82254822
117;10193;82254828
117;10194;82254829
117;10195;82254833
117;10196;82254834
117;10197;82254835
117;10198;82254836
117;10199;82254837
117;10200;82254838
117;10201;82254839
117;10202;82254839
117;10203;82254840
117;10204;82254840
117;10205;82254840
117;10206;82254841
117;10207;82254841
117;10208;82254842
117;10209;82254842
117;10210;82254843
117;10211;82254843
117;10212;82254844
117;10213;82254844
117;10214;82254844
117;10215;82254845
117;10216;82254845
117;10217;82254846
117;10218;82254846
117;10219;82254847
117;10220;82254847
117;10221;82254847
117;10222;82254848
117;10223;82254848
117;10224;82254849
118;10225;82254878
118;10226;82254878
118;10227;82254879
118;10228;82254879
118;10229;82254879
118;10230;82254880
118;10231;82254881
118;10232;82254882
118;10233;82254882
118;10234;82254883
118;10235;82254883
118;10236;82254883
118;10237;82254884
118;10238;82254884
118;10239;82254885
118;10240;82254885
118;10241;82254885
118;10242;82254886
118;10243;82254886
118;10244;82254887
118;10245;82254887
118;10246;82254888
118;10247;82254888
118;10248;82254889
118;10249;82254889
118;10250;82254890
118;10251;82254890
118;10252;82254943
118;10253;82254943
118;10254;82254944
118;10255;82254944
118;10256;82254945
119;10257;82254951
119;10258;82254951
119;10259;82254951
119;10260;82254953
119;10261;82254957
119;10262;82254958
119;10263;82254958
119;10264;82254959
119;10265;82254959
119;10266;82254959
119;10267;82254960
119;10268;82254960
119;10269;82254960
119;10270;82254961
119;10271;82254962
119;10272;82254962
119;10273;82254963
119;10274;82254963
119;10275;82255009
119;10276;82255009
119;10277;82255010
119;10278;82255010
119;10279;82255011
119;10280;82255011
119;10281;82255011
119;10282;82255012
119;10283;82255012
119;10284;82255013
119;10285;82255013
119;10286;82255014
119;10287;82255014
119;10288;82255015
120;10289;82255021
120;10290;82255022
120;10291;82255025
120;10292;82255027
120;10293;82255028
120;10294;82255029
120;10295;82255030
120;10296;82255077
120;10297;82255077
120;10298;82255078
120;10299;82255078
120;10300;82255079
120;10301;82255080
120;10302;82255080
120;10303;82255081
120;10304;82255083
120;10305;82255084
120;10306;82255085
120;10307;82255085
120;10308;82255087
120;10309;82255088
120;10310;82255088
120;10311;82255089
120;10312;82255090
120;10313;82255090
120;10314;82255091
120;10315;82255092
120;10316;82255142
120;10317;82255142
120;10318;82255143
120;10319;82255143
120;10320;82255144
121;10321;82255150
121;10322;82255151
121;10323;82255152
121;10324;82255165
121;10325;82255165
121;10326;82255165
121;10327;82255166
121;10328;82255166
121;10329;82255167
121;10330;82255167
121;10331;82255168
121;10332;82255168
121;10333;82255169
121;10334;82255169
121;10335;82255208
121;10336;82255209
121;10337;82255209
121;10338;82255209
121;10339;82255210
121;10340;82255210
121;10341;82255211
121;10342;82255211
121;10343;82255212
121;10344;82255212
121;10345;82255213
121;10346;82255213
121;10347;82255213
121;10348;82255214
121;10349;82255214
121;10350;82255215
121;10351;82255215
121;10352;82255215
122;10353;82255223
122;10354;82255274
122;10355;82255275
122;10356;82255275
122;10357;82255275
122;10358;82255276
122;10359;82255277
122;10360;82255278
122;10361;82255278
122;10362;82255278
122;10363;82255279
122;10364;82255279
122;10365;82255280
122;10366;82255280
122;10367;82255281
122;10368;82255281
122;10369;82255282
122;10370;82255282
122;10371;82255282
122;10372;82255283
122;10373;82255341
122;10374;82255341
122;10375;82255342
122;10376;82255342
122;10377;82255343
122;10378;82255343
122;10379;82255344
122;10380;82255344
122;10381;82255345
122;10382;82255345
122;10383;82255345
122;10384;82255346
123;10385;82255354
123;10386;82255357
123;10387;82255358
123;10388;82255359
123;10389;82255360
123;10390;82255361
123;10391;82255361
123;10392;82255408
123;10393;82255409
123;10394;82255409
123;10395;82255410
123;10396;82255410
123;10397;82255411
123;10398;82255411
123;10399;82255411
123;10400;82255412
123;10401;82255412
123;10402;82255413
123;10403;82255413
123;10404;82255414
123;10405;82255414
123;10406;82255415
123;10407;82255415
123;10408;82255415
123;10409;82255416
123;10410;82255416
123;10411;82255474
123;10412;82255474
123;10413;82255475
123;10414;82255475
123;10415;82255475
123;10416;82255476
124;10417;82255483
124;10418;82255486
124;10419;82255487
124;10420;82255487
124;10421;82255488
124;10422;82255488
124;10423;82255488
124;10424;82255489
124;10425;82255489
124;10426;82255489
124;10427;82255490
124;10428;82255490
124;10429;82255540
124;10430;82255541
124;10431;82255541
124;10432;82255542
124;10433;82255542
124;10434;82255543
124;10435;82255543
124;10436;82255543
124;10437;82255544
124;10438;82255544
124;10439;82255545
124;10440;82255545
124;10441;82255545
124;10442;82255546
124;10443;82255546
124;10444;82255547
124;10445;82255547
124;10446;82255548
124;10447;82255606
124;10448;82255607
125;10449;82255613
125;10450;82255614
125;10451;82255615
125;10452;82255618
125;10453;82255620
125;10454;82255621
125;10455;82255621
125;10456;82255622
125;10457;82255623
125;10458;82255624
125;10459;82255625
125;10460;82255626
125;10461;82255627
125;10462;82255627
125;10463;82255628
125;10464;82255629
125;10465;82255630
125;10466;82255673
125;10467;82255673
125;10468;82255674
125;10469;82255674
125;10470;82255674
125;10471;82255675
125;10472;82255675
125;10473;82255676
125;10474;82255676
125;10475;82255677
125;10476;82255677
125;10477;82255677
125;10478;82255678
125;10479;82255678
125;10480;82255679
126;10481;82255686
126;10482;82255689
126;10483;82255689
126;10484;82255741
126;10485;82255741
126;10486;82255741
126;10487;82255743
126;10488;82255744
126;10489;82255745
126;10490;82255745
126;10491;82255746
126;10492;82255746
126;10493;82255747
126;10494;82255747
126;10495;82255747
126;10496;82255748
126;10497;82255748
126;10498;82255749
126;10499;82255749
126;10500;82255750
126;10501;82255750
126;10502;82255805
126;10503;82255806
126;10504;82255806
126;10505;82255807
126;10506;82255807
126;10507;82255807
126;10508;82255808
126;10509;82255808
126;10510;82255809
126;10511;82255809
126;10512;82255809
127;10513;82255816
127;10514;82255816
127;10515;82255819
127;10516;82255820
127;10517;82255821
127;10518;82255822
127;10519;82255823
127;10520;82255872
127;10521;82255872
127;10522;82255873
127;10523;82255873
127;10524;82255874
127;10525;82255874
127;10526;82255875
127;10527;82255875
127;10528;82255875
127;10529;82255876
127;10530;82255876
127;10531;82255877
127;10532;82255877
127;10533;82255877
127;10534;82255878
127;10535;82255878
127;10536;82255879
127;10537;82255879
127;10538;82255939
127;10539;82255939
127;10540;82255940
127;10541;82255940
127;10542;82255941
127;10543;82255941
127;10544;82255941
128;10545;82255958
128;10546;82255958
128;10547;82255959
128;10548;82255968
128;10549;82255969
128;10550;82255969
128;10551;82255970
128;10552;82255971
128;10553;82255972
128;10554;82255973
128;10555;82255974
128;10556;82256005
128;10557;82256005
128;10558;82256006
128;10559;82256006
128;10560;82256007
128;10561;82256008
128;10562;82256009
128;10563;82256009
128;10564;82256010
128;10565;82256011
128;10566;82256011
128;10567;82256012
128;10568;82256012
128;10569;82256013
128;10570;82256013
128;10571;82256013
128;10572;82256014
128;10573;82256014
128;10574;82256072
128;10575;82256073
128;10576;82256073
129;10577;82256079
129;10578;82256081
129;10579;82256082
129;10580;82256083
129;10581;82256084
129;10582;82256084
129;10583;82256084
129;10584;82256085
129;10585;82256085
129;10586;82256086
129;10587;82256086
129;10588;82256086
129;10589;82256086
129;10590;82256087
129;10591;82256137
129;10592;82256138
129;10593;82256138
129;10594;82256139
129;10595;82256139
129;10596;82256139
129;10597;82256140
129;10598;82256140
129;10599;82256141
129;10600;82256141
129;10601;82256142
129;10602;82256142
129;10603;82256143
129;10604;82256143
129;10605;82256144
129;10606;82256144
129;10607;82256144
129;10608;82256204
130;10609;82256210
130;10610;82256211
130;10611;82256214
130;10612;82256215
130;10613;82256216
130;10614;82256217
130;10615;82256218
130;10616;82256219
130;10617;82256220
130;10618;82256220
130;10619;82256221
130;10620;82256222
130;10621;82256222
130;10622;82256223
130;10623;82256223
130;10624;82256224
130;10625;82256270
130;10626;82256271
130;10627;82256271
130;10628;82256271
130;10629;82256272
130;10630;82256272
130;10631;82256273
130;10632;82256273
130;10633;82256273
130;10634;82256274
130;10635;82256274
130;10636;82256275
130;10637;82256275
130;10638;82256276
130;10639;82256276
130;10640;82256276
131;10641;82256283
131;10642;82256337
131;10643;82256338
131;10644;82256338
131;10645;82256338
131;10646;82256339
131;10647;82256340
131;10648;82256340
131;10649;82256341
131;10650;82256341
131;10651;82256342
131;10652;82256342
131;10653;82256353
131;10654;82256353
131;10655;82256354
131;10656;82256354
131;10657;82256355
131;10658;82256355
131;10659;82256404
131;10660;82256405
131;10661;82256405
131;10662;82256406
131;10663;82256406
131;10664;82256407
131;10665;82256407
131;10666;82256407
131;10667;82256408
131;10668;82256408
131;10669;82256408
131;10670;82256409
131;10671;82256409
131;10672;82256410
132;10673;82256416
132;10674;82256417
132;10675;82256418
132;10676;82256469
132;10677;82256470
132;10678;82256470
132;10679;82256471
132;10680;82256471
132;10681;82256472
132;10682;82256472
132;10683;82256473
132;10684;82256473
132;10685;82256473
132;10686;82256474
132;10687;82256474
132;10688;82256475
132;10689;82256475
132;10690;82256475
132;10691;82256476
132;10692;82256476
132;10693;82256536
132;10694;82256536
132;10695;82256537
132;10696;82256537
132;10697;82256538
132;10698;82256538
132;10699;82256539
132;10700;82256539
132;10701;82256539
132;10702;82256540
132;10703;82256540
132;10704;82256541
133;10705;82256548
133;10706;82256552
133;10707;82256553
133;10708;82256553
133;10709;82256554
133;10710;82256602
133;10711;82256603
133;10712;82256603
133;10713;82256604
133;10714;82256605
133;10715;82256606
133;10716;82256607
133;10717;82256607
133;10718;82256608
133;10719;82256608
133;10720;82256609
133;10721;82256609
133;10722;82256610
133;10723;82256610
133;10724;82256611
133;10725;82256611
133;10726;82256611
133;10727;82256669
133;10728;82256669
133;10729;82256670
133;10730;82256670
133;10731;82256671
133;10732;82256671
133;10733;82256671
133;10734;82256672
133;10735;82256672
133;10736;82256673
134;10737;82256680
134;10738;82256683
134;10739;82256684
134;10740;82256684
134;10741;82256684
134;10742;82256685
134;10743;82256685
134;10744;82256737
134;10745;82256737
134;10746;82256738
134;10747;82256738
134;10748;82256739
134;10749;82256739
134;10750;82256739
134;10751;82256740
134;10752;82256740
134;10753;82256741
134;10754;82256741
134;10755;82256742
134;10756;82256742
134;10757;82256743
134;10758;82256743
134;10759;82256744
134;10760;82256744
134;10761;82256801
134;10762;82256802
134;10763;82256803
134;10764;82256803
134;10765;82256803
134;10766;82256803
134;10767;82256804
134;10768;82256804
135;10769;82256811
135;10770;82256811
135;10771;82256812
135;10772;82256815
135;10773;82256816
135;10774;82256816
135;10775;82256817
135;10776;82256818
135;10777;82256818
135;10778;82256868
135;10779;82256868
135;10780;82256868
135;10781;82256869
135;10782;82256869
135;10783;82256870
135;10784;82256870
135;10785;82256871
135;10786;82256871
135;10787;82256871
135;10788;82256872
135;10789;82256872
135;10790;82256873
135;10791;82256873
135;10792;82256874
135;10793;82256874
135;10794;82256875
135;10795;82256934
135;10796;82256935
135;10797;82256935
135;10798;82256935
135;10799;82256936
135;10800;82256936
136;10801;82256943
136;10802;82256943
136;10803;82256944
136;10804;82256946
136;10805;82256949
136;10806;82256949
136;10807;82256950
136;10808;82256951
136;10809;82256951
136;10810;82256952
136;10811;82256952
136;10812;82257001
136;10813;82257001
136;10814;82257002
136;10815;82257002
136;10816;82257003
136;10817;82257003
136;10818;82257003
136;10819;82257004
136;10820;82257004
136;10821;82257005
136;10822;82257005
136;10823;82257006
136;10824;82257006
136;10825;82257006
136;10826;82257006
136;10827;82257007
136;10828;82257007
136;10829;82257068
136;10830;82257069
136;10831;82257069
136;10832;82257070
137;10833;82257076
137;10834;82257076
137;10835;82257077
137;10836;82257077
137;10837;82257078
137;10838;82257079
137;10839;82257080
137;10840;82257080
137;10841;82257081
137;10842;82257081
137;10843;82257082
137;10844;82257082
137;10845;82257083
137;10846;82257143
137;10847;82257143
137;10848;82257144
137;10849;82257145
137;10850;82257145
137;10851;82257146
137;10852;82257146
137;10853;82257147
137;10854;82257147
137;10855;82257148
137;10856;82257148
137;10857;82257148
137;10858;82257149
137;10859;82257149
137;10860;82257150
137;10861;82257150
137;10862;82257151
137;10863;82257200
137;10864;82257200
138;10865;82257207
138;10866;82257208
138;10867;82257208
138;10868;82257211
138;10869;82257213
138;10870;82257214
138;10871;82257215
138;10872;82257216
138;10873;82257216
138;10874;82257217
138;10875;82257218
138;10876;82257218
138;10877;82257219
138;10878;82257219
138;10879;82257219
138;10880;82257266
138;10881;82257267
138;10882;82257267
138;10883;82257268
138;10884;82257268
138;10885;82257269
138;10886;82257269
138;10887;82257270
138;10888;82257270
138;10889;82257270
138;10890;82257271
138;10891;82257271
138;10892;82257271
138;10893;82257272
138;10894;82257272
138;10895;82257273
138;10896;82257273
139;10897;82257334
139;10898;82257334
139;10899;82257334
139;10900;82257335
139;10901;82257335
139;10902;82257336
139;10903;82257336
139;10904;82257337
139;10905;82257337
139;10906;82257338
139;10907;82257338
139;10908;82257338
139;10909;82257339
139;10910;82257339
139;10911;82257340
139;10912;82257340
139;10913;82257341
139;10914;82257401
139;10915;82257401
139;10916;82257402
139;10917;82257402
139;10918;82257403
139;10919;82257403
139;10920;82257404
139;10921;82257404
139;10922;82257405
139;10923;82257405
139;10924;82257406
139;10925;82257406
139;10926;82257406
139;10927;82257407
139;10928;82257407
140;10929;82257414
140;10930;82257414
140;10931;82257415
140;10932;82257466
140;10933;82257466
140;10934;82257467
140;10935;82257467
140;10936;82257468
140;10937;82257468
140;10938;82257468
140;10939;82257469
140;10940;82257469
140;10941;82257470
140;10942;82257470
140;10943;82257471
140;10944;82257471
140;10945;82257471
140;10946;82257472
140;10947;82257472
140;10948;82257473
140;10949;82257473
140;10950;82257533
140;10951;82257533
140;10952;82257534
140;10953;82257534
140;10954;82257534
140;10955;82257535
140;10956;82257543
140;10957;82257543
140;10958;82257544
140;10959;82257545
140;10960;82257545
141;10961;82257551
141;10962;82257567
141;10963;82257571
141;10964;82257572
141;10965;82257573
141;10966;82257573
141;10967;82257574
141;10968;82257599
141;10969;82257599
141;10970;82257600
141;10971;82257600
141;10972;82257601
141;10973;82257601
141;10974;82257601
141;10975;82257602
141;10976;82257602
141;10977;82257603
141;10978;82257603
141;10979;82257604
141;10980;82257604
141;10981;82257605
141;10982;82257605
141;10983;82257606
141;10984;82257606
141;10985;82257606
141;10986;82257665
141;10987;82257665
141;10988;82257666
141;10989;82257667
141;10990;82257667
141;10991;82257667
141;10992;82257667
142;10993;82257674
142;10994;82257676
142;10995;82257679
142;10996;82257680
142;10997;82257681
142;10998;82257681
142;10999;82257682
142;11000;82257682
142;11001;82257683
142;11002;82257683
142;11003;82257684
142;11004;82257733
142;11005;82257733
142;11006;82257734
142;11007;82257734
142;11008;82257735
142;11009;82257735
142;11010;82257735
142;11011;82257736
142;11012;82257736
142;11013;82257737
142;11014;82257737
142;11015;82257738
142;11016;82257738
142;11017;82257738
142;11018;82257739
142;11019;82257739
142;11020;82257740
142;11021;82257740
142;11022;82257798
142;11023;82257798
142;11024;82257799
143;11025;82257807
143;11026;82257810
143;11027;82257811
143;11028;82257812
143;11029;82257813
143;11030;82257813
143;11031;82257814
143;11032;82257814
143;11033;82257815
143;11034;82257815
143;11035;82257816
143;11036;82257816
143;11037;82257816
143;11038;82257817
143;11039;82257864
143;11040;82257865
143;11041;82257865
143;11042;82257866
143;11043;82257866
143;11044;82257866
143;11045;82257867
143;11046;82257867
143;11047;82257868
143;11048;82257868
143;11049;82257868
143;11050;82257869
143;11051;82257869
143;11052;82257870
143;11053;82257870
143;11054;82257871
143;11055;82257871
143;11056;82257872
144;11057;82257931
144;11058;82257932
144;11059;82257933
144;11060;82257933
144;11061;82257934
144;11062;82257934
144;11063;82257935
144;11064;82257936
144;11065;82257937
144;11066;82257938
144;11067;82257939
144;11068;82257940
144;11069;82257941
144;11070;82257942
144;11071;82257943
144;11072;82257944
144;11073;82257945
144;11074;82257946
144;11075;82257997
144;11076;82257997
144;11077;82257998
144;11078;82257998
144;11079;82257999
144;11080;82258000
144;11081;82258001
144;11082;82258002
144;11083;82258003
144;11084;82258004
144;11085;82258004
144;11086;82258005
144;11087;82258005
144;11088;82258005
145;11089;82258013
145;11090;82258014
145;11091;82258015
145;11092;82258065
145;11093;82258065
145;11094;82258065
145;11095;82258066
145;11096;82258066
145;11097;82258067
145;11098;82258067
145;11099;82258068
145;11100;82258068
145;11101;82258069
145;11102;82258069
145;11103;82258069
145;11104;82258070
145;11105;82258070
145;11106;82258071
145;11107;82258071
145;11108;82258072
145;11109;82258130
145;11110;82258130
145;11111;82258131
145;11112;82258131
145;11113;82258132
145;11114;82258132
145;11115;82258133
145;11116;82258133
145;11117;82258133
145;11118;82258134
145;11119;82258134
145;11120;82258135
146;11121;82258141
146;11122;82258145
146;11123;82258146
146;11124;82258147
146;11125;82258148
146;11126;82258196
146;11127;82258197
146;11128;82258197
146;11129;82258198
146;11130;82258199
146;11131;82258199
146;11132;82258200
146;11133;82258202
146;11134;82258203
146;11135;82258204
146;11136;82258204
146;11137;82258205
146;11138;82258206
146;11139;82258207
146;11140;82258207
146;11141;82258208
146;11142;82258208
146;11143;82258263
146;11144;82258263
146;11145;82258264
146;11146;82258264
146;11147;82258265
146;11148;82258265
146;11149;82258265
146;11150;82258266
146;11151;82258266
146;11152;82258266
147;11153;82258273
147;11154;82258273
147;11155;82258275
147;11156;82258276
147;11157;82258277
147;11158;82258277
147;11159;82258278
147;11160;82258329
147;11161;82258330
147;11162;82258330
147;11163;82258331
147;11164;82258331
147;11165;82258332
147;11166;82258332
147;11167;82258333
147;11168;82258333
147;11169;82258333
147;11170;82258334
147;11171;82258334
147;11172;82258335
147;11173;82258335
147;11174;82258335
147;11175;82258336
147;11176;82258336
147;11177;82258397
147;11178;82258398
147;11179;82258398
147;11180;82258398
147;11181;82258399
147;11182;82258399
147;11183;82258399
147;11184;82258400
148;11185;82258407
148;11186;82258411
148;11187;82258412
148;11188;82258413
148;11189;82258414
148;11190;82258415
148;11191;82258416
148;11192;82258416
148;11193;82258417
148;11194;82258462
148;11195;82258463
148;11196;82258463
148;11197;82258464
148;11198;82258465
148;11199;82258466
148;11200;82258466
148;11201;82258467
148;11202;82258468
148;11203;82258469
148;11204;82258470
148;11205;82258471
148;11206;82258471
148;11207;82258473
148;11208;82258474
148;11209;82258475
148;11210;82258476
148;11211;82258528
148;11212;82258528
148;11213;82258529
148;11214;82258529
148;11215;82258530
148;11216;82258530
149;11217;82258537
149;11218;82258537
149;11219;82258538
149;11220;82258539
149;11221;82258540
149;11222;82258541
149;11223;82258541
149;11224;82258542
149;11225;82258542
149;11226;82258543
149;11227;82258543
149;11228;82258595
149;11229;82258595
149;11230;82258595
149;11231;82258596
149;11232;82258596
149;11233;82258597
149;11234;82258597
149;11235;82258598
149;11236;82258598
149;11237;82258598
149;11238;82258599
149;11239;82258599
149;11240;82258599
149;11241;82258600
149;11242;82258600
149;11243;82258601
149;11244;82258601
149;11245;82258661
149;11246;82258661
149;11247;82258662
149;11248;82258662
150;11249;82258669
150;11250;82258669
150;11251;82258674
150;11252;82258675
150;11253;82258676
150;11254;82258677
150;11255;82258678
150;11256;82258679
150;11257;82258680
150;11258;82258680
150;11259;82258681
150;11260;82258682
150;11261;82258683
150;11262;82258735
150;11263;82258735
150;11264;82258736
150;11265;82258736
150;11266;82258737
150;11267;82258743
150;11268;82258744
150;11269;82258745
150;11270;82258745
150;11271;82258747
150;11272;82258747
150;11273;82258748
150;11274;82258749
150;11275;82258750
150;11276;82258751
150;11277;82258752
150;11278;82258763
150;11279;82258796
150;11280;82258797
151;11281;82258805
151;11282;82258805
151;11283;82258806
151;11284;82258807
151;11285;82258808
151;11286;82258808
151;11287;82258809
151;11288;82258810
151;11289;82258810
151;11290;82258810
151;11291;82258811
151;11292;82258811
151;11293;82258812
151;11294;82258812
151;11295;82258813
151;11296;82258813
151;11297;82258814
151;11298;82258814
151;11299;82258814
151;11300;82258815
151;11301;82258815
151;11302;82258816
151;11303;82258816
151;11304;82258817
151;11305;82258817
151;11306;82258817
151;11307;82258818
151;11308;82258818
151;11309;82258819
151;11310;82258819
151;11311;82258820
151;11312;82258820
152;11313;82258827
152;11314;82258828
152;11315;82258832
152;11316;82258832
152;11317;82258833
152;11318;82258834
152;11319;82258835
152;11320;82258836
152;11321;82258837
152;11322;82258838
152;11323;82258839
152;11324;82258840
152;11325;82258841
152;11326;82258842
152;11327;82258843
152;11328;82258844
152;11329;82258845
152;11330;82258862
152;11331;82258863
152;11332;82258863
152;11333;82258864
152;11334;82258864
152;11335;82258865
152;11336;82258865
152;11337;82258865
152;11338;82258866
152;11339;82258866
152;11340;82258867
152;11341;82258867
152;11342;82258867
152;11343;82258868
152;11344;82258868
153;11345;82258875
153;11346;82258878
153;11347;82258879
153;11348;82258879
153;11349;82258880
153;11350;82258881
153;11351;82258881
153;11352;82258882
153;11353;82258882
153;11354;82258882
153;11355;82258883
153;11356;82258928
153;11357;82258929
153;11358;82258929
153;11359;82258930
153;11360;82258930
153;11361;82258930
153;11362;82258931
153;11363;82258931
153;11364;82258932
153;11365;82258932
153;11366;82258932
153;11367;82258933
153;11368;82258933
153;11369;82258934
153;11370;82258934
153;11371;82258935
153;11372;82258935
153;11373;82258936
153;11374;82258936
153;11375;82258936
153;11376;82258936
154;11377;82258943
154;11378;82258943
154;11379;82258994
154;11380;82258995
154;11381;82258995
154;11382;82258995
154;11383;82258996
154;11384;82258997
154;11385;82258997
154;11386;82258997
154;11387;82258998
154;11388;82258998
154;11389;82258998
154;11390;82258999
154;11391;82258999
154;11392;82259000
154;11393;82259001
154;11394;82259001
154;11395;82259002
154;11396;82259002
154;11397;82259003
154;11398;82259003
154;11399;82259003
154;11400;82259062
154;11401;82259062
154;11402;82259062
154;11403;82259063
154;11404;82259063
154;11405;82259064
154;11406;82259064
154;11407;82259065
154;11408;82259065
155;11409;82259072
155;11410;82259073
155;11411;82259076
155;11412;82259077
155;11413;82259078
155;11414;82259078
155;11415;82259079
155;11416;82259079
155;11417;82259079
155;11418;82259080
155;11419;82259080
155;11420;82259127
155;11421;82259127
155;11422;82259128
155;11423;82259128
155;11424;82259129
155;11425;82259129
155;11426;82259130
155;11427;82259130
155;11428;82259130
155;11429;82259131
155;11430;82259131
155;11431;82259132
155;11432;82259132
155;11433;82259133
155;11434;82259133
155;11435;82259134
155;11436;82259134
155;11437;82259135
155;11438;82259135
155;11439;82259193
155;11440;82259193
156;11441;82259200
156;11442;82259204
156;11443;82259205
156;11444;82259206
156;11445;82259207
156;11446;82259208
156;11447;82259209
156;11448;82259210
156;11449;82259211
156;11450;82259212
156;11451;82259213
156;11452;82259214
156;11453;82259214
156;11454;82259215
156;11455;82259216
156;11456;82259217
156;11457;82259218
156;11458;82259260
156;11459;82259260
156;11460;82259261
156;11461;82259261
156;11462;82259263
156;11463;82259264
156;11464;82259264
156;11465;82259265
156;11466;82259266
156;11467;82259267
156;11468;82259268
156;11469;82259269
156;11470;82259270
156;11471;82259271
156;11472;82259272
157;11473;82259279
157;11474;82259280
157;11475;82259280
157;11476;82259281
157;11477;82259325
157;11478;82259326
157;11479;82259326
157;11480;82259327
157;11481;82259328
157;11482;82259329
157;11483;82259330
157;11484;82259331
157;11485;82259332
157;11486;82259333
157;11487;82259333
157;11488;82259334
157;11489;82259335
157;11490;82259336
157;11491;82259337
157;11492;82259338
157;11493;82259339
157;11494;82259340
157;11495;82259393
157;11496;82259394
157;11497;82259394
157;11498;82259395
157;11499;82259396
157;11500;82259397
157;11501;82259398
157;11502;82259398
157;11503;82259399
157;11504;82259400
158;11505;82259407
158;11506;82259408
158;11507;82259408
158;11508;82259409
158;11509;82259410
158;11510;82259410
158;11511;82259411
158;11512;82259411
158;11513;82259458
158;11514;82259459
158;11515;82259459
158;11516;82259460
158;11517;82259460
158;11518;82259461
158;11519;82259461
158;11520;82259461
158;11521;82259462
158;11522;82259462
158;11523;82259463
158;11524;82259463
158;11525;82259464
158;11526;82259464
158;11527;82259464
158;11528;82259465
158;11529;82259465
158;11530;82259466
158;11531;82259525
158;11532;82259526
158;11533;82259526
158;11534;82259527
158;11535;82259527
158;11536;82259527
159;11537;82259534
159;11538;82259538
159;11539;82259539
159;11540;82259552
159;11541;82259553
159;11542;82259553
159;11543;82259554
159;11544;82259554
159;11545;82259555
159;11546;82259555
159;11547;82259556
159;11548;82259556
159;11549;82259591
159;11550;82259592
159;11551;82259592
159;11552;82259593
159;11553;82259593
159;11554;82259593
159;11555;82259594
159;11556;82259594
159;11557;82259595
159;11558;82259595
159;11559;82259596
159;11560;82259596
159;11561;82259596
159;11562;82259597
159;11563;82259597
159;11564;82259598
159;11565;82259598
159;11566;82259599
159;11567;82259657
159;11568;82259658
160;11569;82259664
160;11570;82259665
160;11571;82259665
160;11572;82259666
160;11573;82259667
160;11574;82259668
160;11575;82259669
160;11576;82259670
160;11577;82259671
160;11578;82259671
160;11579;82259671
160;11580;82259672
160;11581;82259672
160;11582;82259673
160;11583;82259673
160;11584;82259674
160;11585;82259725
160;11586;82259726
160;11587;82259726
160;11588;82259727
160;11589;82259727
160;11590;82259727
160;11591;82259728
160;11592;82259728
160;11593;82259728
160;11594;82259729
160;11595;82259729
160;11596;82259730
160;11597;82259731
160;11598;82259731
160;11599;82259731
160;11600;82259732
161;11601;82259739
161;11602;82259740
161;11603;82259790
161;11604;82259791
161;11605;82259791
161;11606;82259791
161;11607;82259792
161;11608;82259792
161;11609;82259793
161;11610;82259793
161;11611;82259794
161;11612;82259794
161;11613;82259794
161;11614;82259795
161;11615;82259795
161;11616;82259796
161;11617;82259796
161;11618;82259797
161;11619;82259797
161;11620;82259797
161;11621;82259857
161;11622;82259857
161;11623;82259858
161;11624;82259858
161;11625;82259859
161;11626;82259859
161;11627;82259859
161;11628;82259860
161;11629;82259860
161;11630;82259861
161;11631;82259861
161;11632;82259862
162;11633;82259868
162;11634;82259869
162;11635;82259869
162;11636;82259870
162;11637;82259871
162;11638;82259872
162;11639;82259924
162;11640;82259924
162;11641;82259925
162;11642;82259925
162;11643;82259926
162;11644;82259927
162;11645;82259928
162;11646;82259931
162;11647;82259931
162;11648;82259932
162;11649;82259932
162;11650;82259933
162;11651;82259933
162;11652;82259934
162;11653;82259935
162;11654;82259935
162;11655;82259936
162;11656;82259936
162;11657;82259990
162;11658;82259990
162;11659;82259990
162;11660;82259991
162;11661;82259991
162;11662;82259992
162;11663;82259992
162;11664;82259993
163;11665;82260000
163;11666;82260002
163;11667;82260003
163;11668;82260004
163;11669;82260004
163;11670;82260005
163;11671;82260005
163;11672;82260005
163;11673;82260006
163;11674;82260006
163;11675;82260057
163;11676;82260058
163;11677;82260058
163;11678;82260059
163;11679;82260059
163;11680;82260059
163;11681;82260059
163;11682;82260060
163;11683;82260060
163;11684;82260061
163;11685;82260061
163;11686;82260062
163;11687;82260062
163;11688;82260063
163;11689;82260063
163;11690;82260063
163;11691;82260064
163;11692;82260122
163;11693;82260123
163;11694;82260123
163;11695;82260124
163;11696;82260124
164;11697;82260130
164;11698;82260131
164;11699;82260131
164;11700;82260132
164;11701;82260133
164;11702;82260134
164;11703;82260135
164;11704;82260135
164;11705;82260136
164;11706;82260136
164;11707;82260137
164;11708;82260137
164;11709;82260189
164;11710;82260189
164;11711;82260189
164;11712;82260190
164;11713;82260190
164;11714;82260191
164;11715;82260191
164;11716;82260192
164;11717;82260192
164;11718;82260193
164;11719;82260193
164;11720;82260194
164;11721;82260194
164;11722;82260195
164;11723;82260195
164;11724;82260196
164;11725;82260196
164;11726;82260197
164;11727;82260255
164;11728;82260255
165;11729;82260262
165;11730;82260263
165;11731;82260266
165;11732;82260267
165;11733;82260268
165;11734;82260269
165;11735;82260269
165;11736;82260270
165;11737;82260270
165;11738;82260271
165;11739;82260271
165;11740;82260272
165;11741;82260272
165;11742;82260273
165;11743;82260273
165;11744;82260322
165;11745;82260322
165;11746;82260323
165;11747;82260323
165;11748;82260324
165;11749;82260324
165;11750;82260324
165;11751;82260325
165;11752;82260325
165;11753;82260326
165;11754;82260326
165;11755;82260327
165;11756;82260327
165;11757;82260327
165;11758;82260328
165;11759;82260328
165;11760;82260329
166;11761;82260390
166;11762;82260390
166;11763;82260390
166;11764;82260391
166;11765;82260391
166;11766;82260392
166;11767;82260392
166;11768;82260393
166;11769;82260393
166;11770;82260394
166;11771;82260394
166;11772;82260394
166;11773;82260395
166;11774;82260395
166;11775;82260396
166;11776;82260396
166;11777;82260397
166;11778;82260454
166;11779;82260455
166;11780;82260455
166;11781;82260456
166;11782;82260456
166;11783;82260457
166;11784;82260457
166;11785;82260457
166;11786;82260458
166;11787;82260458
166;11788;82260459
166;11789;82260459
166;11790;82260459
166;11791;82260460
166;11792;82260460
167;11793;82260467
167;11794;82260471
167;11795;82260521
167;11796;82260521
167;11797;82260522
167;11798;82260522
167;11799;82260524
167;11800;82260524
167;11801;82260525
167;11802;82260526
167;11803;82260527
167;11804;82260527
167;11805;82260529
167;11806;82260529
167;11807;82260530
167;11808;82260530
167;11809;82260531
167;11810;82260531
167;11811;82260531
167;11812;82260587
167;11813;82260588
167;11814;82260588
167;11815;82260589
167;11816;82260589
167;11817;82260589
167;11818;82260590
167;11819;82260590
167;11820;82260590
167;11821;82260591
167;11822;82260591
167;11823;82260592
167;11824;82260592
168;11825;82260599
168;11826;82260602
168;11827;82260603
168;11828;82260603
168;11829;82260654
168;11830;82260654
168;11831;82260655
168;11832;82260655
168;11833;82260656
168;11834;82260657
168;11835;82260658
168;11836;82260659
168;11837;82260660
168;11838;82260661
168;11839;82260661
168;11840;82260663
168;11841;82260664
168;11842;82260664
168;11843;82260666
168;11844;82260667
168;11845;82260667
168;11846;82260722
168;11847;82260723
168;11848;82260723
168;11849;82260724
168;11850;82260725
168;11851;82260726
168;11852;82260726
168;11853;82260728
168;11854;82260729
168;11855;82260729
168;11856;82260730
169;11857;82260738
169;11858;82260738
169;11859;82260739
169;11860;82260739
169;11861;82260740
169;11862;82260740
169;11863;82260787
169;11864;82260787
169;11865;82260787
169;11866;82260788
169;11867;82260788
169;11868;82260789
169;11869;82260789
169;11870;82260789
169;11871;82260790
169;11872;82260790
169;11873;82260791
169;11874;82260791
169;11875;82260791
169;11876;82260792
169;11877;82260792
169;11878;82260793
169;11879;82260793
169;11880;82260853
169;11881;82260854
169;11882;82260854
169;11883;82260854
169;11884;82260855
169;11885;82260855
169;11886;82260855
169;11887;82260856
169;11888;82260856
170;11889;82260863
170;11890;82260863
170;11891;82260864
170;11892;82260865
170;11893;82260865
170;11894;82260866
170;11895;82260867
170;11896;82260867
170;11897;82260920
170;11898;82260920
170;11899;82260921
170;11900;82260921
170;11901;82260922
170;11902;82260922
170;11903;82260923
170;11904;82260924
170;11905;82260924
170;11906;82260924
170;11907;82260925
170;11908;82260925
170;11909;82260926
170;11910;82260926
170;11911;82260927
170;11912;82260927
170;11913;82260928
170;11914;82260986
170;11915;82260986
170;11916;82260987
170;11917;82260987
170;11918;82260987
170;11919;82260988
170;11920;82260988
171;11921;82260995
171;11922;82260996
171;11923;82261000
171;11924;82261001
171;11925;82261002
171;11926;82261003
171;11927;82261004
171;11928;82261005
171;11929;82261006
171;11930;82261007
171;11931;82261053
171;11932;82261054
171;11933;82261054
171;11934;82261055
171;11935;82261056
171;11936;82261057
171;11937;82261058
171;11938;82261059
171;11939;82261060
171;11940;82261061
171;11941;82261061
171;11942;82261062
171;11943;82261063
171;11944;82261064
171;11945;82261065
171;11946;82261066
171;11947;82261067
171;11948;82261119
171;11949;82261119
171;11950;82261120
171;11951;82261120
171;11952;82261121
172;11953;82261127
172;11954;82261128
172;11955;82261128
172;11956;82261130
172;11957;82261131
172;11958;82261132
172;11959;82261133
172;11960;82261134
172;11961;82261135
172;11962;82261135
172;11963;82261136
172;11964;82261136
172;11965;82261185
172;11966;82261185
172;11967;82261186
172;11968;82261186
172;11969;82261187
172;11970;82261187
172;11971;82261187
172;11972;82261188
172;11973;82261188
172;11974;82261189
172;11975;82261189
172;11976;82261189
172;11977;82261190
172;11978;82261190
172;11979;82261191
172;11980;82261191
172;11981;82261192
172;11982;82261251
172;11983;82261252
172;11984;82261252
173;11985;82261258
173;11986;82261259
173;11987;82261259
173;11988;82261260
173;11989;82261261
173;11990;82261262
173;11991;82261263
173;11992;82261264
173;11993;82261265
173;11994;82261266
173;11995;82261266
173;11996;82261267
173;11997;82261267
173;11998;82261268
173;11999;82261318
173;12000;82261318
173;12001;82261319
173;12002;82261319
173;12003;82261319
173;12004;82261320
173;12005;82261320
173;12006;82261321
173;12007;82261321
173;12008;82261321
173;12009;82261322
173;12010;82261322
173;12011;82261323
173;12012;82261324
173;12013;82261324
173;12014;82261325
173;12015;82261325
173;12016;82261385
174;12017;82261392
174;12018;82261393
174;12019;82261394
174;12020;82261394
174;12021;82261396
174;12022;82261397
174;12023;82261397
174;12024;82261398
174;12025;82261399
174;12026;82261400
174;12027;82261401
174;12028;82261402
174;12029;82261403
174;12030;82261404
174;12031;82261405
174;12032;82261406
174;12033;82261451
174;12034;82261451
174;12035;82261451
174;12036;82261452
174;12037;82261452
174;12038;82261452
174;12039;82261453
174;12040;82261453
174;12041;82261454
174;12042;82261455
174;12043;82261455
174;12044;82261455
174;12045;82261456
174;12046;82261456
174;12047;82261457
174;12048;82261457
175;12049;82261464
175;12050;82261518
175;12051;82261518
175;12052;82261519
175;12053;82261519
175;12054;82261520
175;12055;82261520
175;12056;82261521
175;12057;82261521
175;12058;82261522
175;12059;82261522
175;12060;82261523
175;12061;82261523
175;12062;82261523
175;12063;82261524
175;12064;82261524
175;12065;82261525
175;12066;82261525
175;12067;82261584
175;12068;82261584
175;12069;82261584
175;12070;82261585
175;12071;82261585
175;12072;82261586
175;12073;82261586
175;12074;82261587
175;12075;82261587
175;12076;82261587
175;12077;82261588
175;12078;82261588
175;12079;82261589
175;12080;82261589
176;12081;82261596
176;12082;82261600
176;12083;82261601
176;12084;82261601
176;12085;82261650
176;12086;82261650
176;12087;82261651
176;12088;82261651
176;12089;82261652
176;12090;82261653
176;12091;82261653
176;12092;82261654
176;12093;82261654
176;12094;82261655
176;12095;82261655
176;12096;82261656
176;12097;82261656
176;12098;82261656
176;12099;82261657
176;12100;82261657
176;12101;82261657
176;12102;82261658
176;12103;82261718
176;12104;82261718
176;12105;82261719
176;12106;82261719
176;12107;82261719
176;12108;82261720
176;12109;82261720
176;12110;82261721
176;12111;82261721
176;12112;82261722
177;12113;82261729
177;12114;82261732
177;12115;82261733
177;12116;82261733
177;12117;82261735
177;12118;82261736
177;12119;82261736
177;12120;82261783
177;12121;82261783
177;12122;82261784
177;12123;82261784
177;12124;82261785
177;12125;82261785
177;12126;82261785
177;12127;82261786
177;12128;82261786
177;12129;82261787
177;12130;82261787
177;12131;82261788
177;12132;82261788
177;12133;82261788
177;12134;82261789
177;12135;82261789
177;12136;82261790
177;12137;82261849
177;12138;82261849
177;12139;82261850
177;12140;82261850
177;12141;82261851
177;12142;82261851
177;12143;82261852
177;12144;82261852
178;12145;82261859
178;12146;82261862
178;12147;82261864
178;12148;82261864
178;12149;82261865
178;12150;82261866
178;12151;82261867
178;12152;82261868
178;12153;82261869
178;12154;82261916
178;12155;82261916
178;12156;82261917
178;12157;82261917
178;12158;82261918
178;12159;82261919
178;12160;82261920
178;12161;82261921
178;12162;82261921
178;12163;82261921
178;12164;82261922
178;12165;82261922
178;12166;82261923
178;12167;82261923
178;12168;82261924
178;12169;82261924
178;12170;82261925
178;12171;82261925
178;12172;82261982
178;12173;82261983
178;12174;82261983
178;12175;82261984
178;12176;82261984
179;12177;82261991
179;12178;82261993
179;12179;82261994
179;12180;82261995
179;12181;82261996
179;12182;82261996
179;12183;82261996
179;12184;82261997
179;12185;82261997
179;12186;82261998
179;12187;82261998
179;12188;82261998
179;12189;82262049
179;12190;82262050
179;12191;82262050
179;12192;82262051
179;12193;82262051
179;12194;82262052
179;12195;82262052
179;12196;82262053
179;12197;82262053
179;12198;82262053
179;12199;82262054
179;12200;82262054
179;12201;82262055
179;12202;82262055
179;12203;82262056
179;12204;82262056
179;12205;82262056
179;12206;82262115
179;12207;82262115
179;12208;82262116
180;12209;82262122
180;12210;82262123
180;12211;82262127
180;12212;82262128
180;12213;82262129
180;12214;82262130
180;12215;82262131
180;12216;82262132
180;12217;82262133
180;12218;82262134
180;12219;82262135
180;12220;82262136
180;12221;82262137
180;12222;82262137
180;12223;82262181
180;12224;82262182
180;12225;82262182
180;12226;82262182
180;12227;82262183
180;12228;82262184
180;12229;82262185
180;12230;82262185
180;12231;82262186
180;12232;82262186
180;12233;82262186
180;12234;82262186
180;12235;82262187
180;12236;82262187
180;12237;82262188
180;12238;82262188
180;12239;82262188
180;12240;82262247
181;12241;82262254
181;12242;82262255
181;12243;82262257
181;12244;82262258
181;12245;82262259
181;12246;82262260
181;12247;82262261
181;12248;82262261
181;12249;82262261
181;12250;82262262
181;12251;82262263
181;12252;82262263
181;12253;82262263
181;12254;82262264
181;12255;82262264
181;12256;82262265
181;12257;82262314
181;12258;82262315
181;12259;82262315
181;12260;82262316
181;12261;82262316
181;12262;82262316
181;12263;82262317
181;12264;82262317
181;12265;82262318
181;12266;82262318
181;12267;82262319
181;12268;82262319
181;12269;82262319
181;12270;82262319
181;12271;82262320
181;12272;82262320
182;12273;82262327
182;12274;82262382
182;12275;82262383
182;12276;82262383
182;12277;82262384
182;12278;82262384
182;12279;82262385
182;12280;82262386
182;12281;82262387
182;12282;82262387
182;12283;82262387
182;12284;82262388
182;12285;82262388
182;12286;82262389
182;12287;82262389
182;12288;82262390
182;12289;82262390
182;12290;82262390
182;12291;82262447
182;12292;82262447
182;12293;82262448
182;12294;82262448
182;12295;82262449
182;12296;82262449
182;12297;82262449
182;12298;82262450
182;12299;82262450
182;12300;82262451
182;12301;82262451
182;12302;82262451
182;12303;82262452
182;12304;82262452
183;12305;82262460
183;12306;82262461
183;12307;82262462
183;12308;82262513
183;12309;82262514
183;12310;82262514
183;12311;82262514
183;12312;82262515
183;12313;82262515
183;12314;82262516
183;12315;82262516
183;12316;82262517
183;12317;82262517
183;12318;82262518
183;12319;82262518
183;12320;82262518
183;12321;82262519
183;12322;82262519
183;12323;82262520
183;12324;82262520
183;12325;82262579
183;12326;82262580
183;12327;82262580
183;12328;82262581
183;12329;82262581
183;12330;82262582
183;12331;82262582
183;12332;82262583
183;12333;82262583
183;12334;82262584
183;12335;82262584
183;12336;82262585
184;12337;82262591
184;12338;82262591
184;12339;82262592
184;12340;82262593
184;12341;82262593
184;12342;82262646
184;12343;82262646
184;12344;82262647
184;12345;82262647
184;12346;82262648
184;12347;82262648
184;12348;82262649
184;12349;82262649
184;12350;82262650
184;12351;82262650
184;12352;82262650
184;12353;82262651
184;12354;82262651
184;12355;82262652
184;12356;82262652
184;12357;82262653
184;12358;82262653
184;12359;82262720
184;12360;82262720
184;12361;82262721
184;12362;82262721
184;12363;82262721
184;12364;82262722
184;12365;82262722
184;12366;82262723
184;12367;82262723
184;12368;82262723
185;12369;82262730
185;12370;82262730
185;12371;82262731
185;12372;82262731
185;12373;82262732
185;12374;82262732
185;12375;82262733
185;12376;82262781
185;12377;82262781
185;12378;82262782
185;12379;82262782
185;12380;82262783
185;12381;82262783
185;12382;82262784
185;12383;82262784
185;12384;82262785
185;12385;82262785
185;12386;82262785
185;12387;82262786
185;12388;82262786
185;12389;82262787
185;12390;82262787
185;12391;82262788
185;12392;82262788
185;12393;82262788
185;12394;82262789
185;12395;82262789
185;12396;82262789
185;12397;82262790
185;12398;82262790
185;12399;82262791
185;12400;82262791
186;12401;82262798
186;12402;82262798
186;12403;82262799
186;12404;82262799
186;12405;82262800
186;12406;82262800
186;12407;82262801
186;12408;82262801
186;12409;82262802
186;12410;82262802
186;12411;82262803
186;12412;82262803
186;12413;82262804
186;12414;82262804
186;12415;82262805
186;12416;82262805
186;12417;82262806
186;12418;82262806
186;12419;82262807
186;12420;82262807
186;12421;82262808
186;12422;82262808
186;12423;82262808
186;12424;82262809
186;12425;82262809
186;12426;82262846
186;12427;82262847
186;12428;82262848
186;12429;82262848
186;12430;82262848
186;12431;82262849
186;12432;82262849
187;12433;82262856
187;12434;82262857
187;12435;82262857
187;12436;82262858
187;12437;82262858
187;12438;82262859
187;12439;82262859
187;12440;82262859
187;12441;82262860
187;12442;82262860
187;12443;82262860
187;12444;82262861
187;12445;82262861
187;12446;82262861
187;12447;82262862
187;12448;82262862
187;12449;82262863
187;12450;82262863
187;12451;82262913
187;12452;82262913
187;12453;82262913
187;12454;82262914
187;12455;82262914
187;12456;82262915
187;12457;82262915
187;12458;82262916
187;12459;82262916
187;12460;82262916
187;12461;82262917
187;12462;82262917
187;12463;82262917
187;12464;82262918
188;12465;82262924
188;12466;82262925
188;12467;82262925
188;12468;82262926
188;12469;82262926
188;12470;82262927
188;12471;82262927
188;12472;82262979
188;12473;82262979
188;12474;82262980
188;12475;82262980
188;12476;82262981
188;12477;82262981
188;12478;82262981
188;12479;82262982
188;12480;82262982
188;12481;82262983
188;12482;82262983
188;12483;82262983
188;12484;82262984
188;12485;82262984
188;12486;82262985
188;12487;82262985
188;12488;82262985
188;12489;82262986
188;12490;82262986
188;12491;82262986
188;12492;82263046
188;12493;82263047
188;12494;82263047
188;12495;82263048
188;12496;82263048
189;12497;82263055
189;12498;82263055
189;12499;82263056
189;12500;82263057
189;12501;82263057
189;12502;82263058
189;12503;82263058
189;12504;82263058
189;12505;82263059
189;12506;82263059
189;12507;82263060
189;12508;82263060
189;12509;82263061
189;12510;82263061
189;12511;82263112
189;12512;82263112
189;12513;82263113
189;12514;82263113
189;12515;82263114
189;12516;82263114
189;12517;82263114
189;12518;82263115
189;12519;82263115
189;12520;82263116
189;12521;82263116
189;12522;82263117
189;12523;82263117
189;12524;82263117
189;12525;82263117
189;12526;82263118
189;12527;82263118
189;12528;82263119
190;12529;82263125
190;12530;82263178
190;12531;82263178
190;12532;82263179
190;12533;82263179
190;12534;82263180
190;12535;82263180
190;12536;82263180
190;12537;82263181
190;12538;82263181
190;12539;82263181
190;12540;82263182
190;12541;82263183
190;12542;82263183
190;12543;82263183
190;12544;82263184
190;12545;82263184
190;12546;82263185
190;12547;82263185
190;12548;82263186
190;12549;82263244
190;12550;82263245
190;12551;82263245
190;12552;82263246
190;12553;82263246
190;12554;82263246
190;12555;82263247
190;12556;82263247
190;12557;82263248
190;12558;82263248
190;12559;82263249
190;12560;82263249
191;12561;82263256
191;12562;82263256
191;12563;82263257
191;12564;82263257
191;12565;82263258
191;12566;82263258
191;12567;82263310
191;12568;82263311
191;12569;82263311
191;12570;82263312
191;12571;82263312
191;12572;82263313
191;12573;82263313
191;12574;82263314
191;12575;82263314
191;12576;82263314
191;12577;82263315
191;12578;82263315
191;12579;82263316
191;12580;82263316
191;12581;82263317
191;12582;82263317
191;12583;82263317
191;12584;82263318
191;12585;82263378
191;12586;82263379
191;12587;82263379
191;12588;82263380
191;12589;82263380
191;12590;82263381
191;12591;82263381
191;12592;82263381
192;12593;82263388
192;12594;82263389
192;12595;82263389
192;12596;82263390
192;12597;82263390
192;12598;82263390
192;12599;82263391
192;12600;82263391
192;12601;82263392
192;12602;82263392
192;12603;82263443
192;12604;82263444
192;12605;82263444
192;12606;82263444
192;12607;82263444
192;12608;82263445
192;12609;82263445
192;12610;82263446
192;12611;82263446
192;12612;82263447
192;12613;82263447
192;12614;82263447
192;12615;82263448
192;12616;82263448
192;12617;82263448
192;12618;82263449
192;12619;82263449
192;12620;82263449
192;12621;82263510
192;12622;82263511
192;12623;82263511
192;12624;82263512
193;12625;82263518
193;12626;82263519
193;12627;82263519
193;12628;82263520
193;12629;82263520
193;12630;82263521
193;12631;82263521
193;12632;82263522
193;12633;82263522
193;12634;82263523
193;12635;82263523
193;12636;82263523
193;12637;82263524
193;12638;82263524
193;12639;82263576
193;12640;82263577
